9 #SUP: 84
11 #SUP: 46
32 #SUP: 723
36 #SUP: 161
37 #SUP: 57
38 #SUP: 889
39 #SUP: 2613
41 #SUP: 1211
48 #SUP: 2029
49 #SUP: 56
60 #SUP: 151
65 #SUP: 181
66 #SUP: 47
79 #SUP: 84
89 #SUP: 184
94 #SUP: 67
101 #SUP: 108
110 #SUP: 164
117 #SUP: 76
123 #SUP: 71
147 #SUP: 101
161 #SUP: 52
170 #SUP: 205
179 #SUP: 65
185 #SUP: 61
189 #SUP: 90
201 #SUP: 60
208 #SUP: 71
225 #SUP: 156
237 #SUP: 149
249 #SUP: 60
255 #SUP: 88
270 #SUP: 81
271 #SUP: 87
286 #SUP: 58
301 #SUP: 70
310 #SUP: 162
338 #SUP: 73
340 #SUP: 46
348 #SUP: 53
352 #SUP: 132
374 #SUP: 57
381 #SUP: 72
413 #SUP: 57
438 #SUP: 103
475 #SUP: 128
479 #SUP: 47
522 #SUP: 89
533 #SUP: 71
535 #SUP: 48
536 #SUP: 59
548 #SUP: 62
570 #SUP: 46
589 #SUP: 70
592 #SUP: 77
604 #SUP: 169
664 #SUP: 47
677 #SUP: 72
740 #SUP: 68
749 #SUP: 123
783 #SUP: 82
824 #SUP: 74
855 #SUP: 59
956 #SUP: 51
976 #SUP: 64
1004 #SUP: 50
1121 #SUP: 136
1146 #SUP: 53
1198 #SUP: 88
1233 #SUP: 58
1327 #SUP: 168
1393 #SUP: 51
1659 #SUP: 50
1715 #SUP: 122
1859 #SUP: 81
2238 #SUP: 84
2990 #SUP: 70
3735 #SUP: 78
3966 #SUP: 62
9 39 #SUP: 52
32 38 #SUP: 159
32 39 #SUP: 407
32 41 #SUP: 237
32 48 #SUP: 371
36 38 #SUP: 151
36 39 #SUP: 113
36 41 #SUP: 68
36 48 #SUP: 70
37 38 #SUP: 57
38 39 #SUP: 585
38 41 #SUP: 356
38 48 #SUP: 414
38 110 #SUP: 158
38 170 #SUP: 200
38 286 #SUP: 55
39 41 #SUP: 919
39 48 #SUP: 1411
39 60 #SUP: 96
39 65 #SUP: 105
39 79 #SUP: 61
39 89 #SUP: 127
39 101 #SUP: 63
39 110 #SUP: 101
39 147 #SUP: 62
39 170 #SUP: 130
39 189 #SUP: 59
39 208 #SUP: 46
39 225 #SUP: 110
39 237 #SUP: 94
39 255 #SUP: 64
39 270 #SUP: 52
39 271 #SUP: 59
39 310 #SUP: 113
39 352 #SUP: 68
39 438 #SUP: 64
39 475 #SUP: 80
39 522 #SUP: 55
39 592 #SUP: 49
39 604 #SUP: 111
39 740 #SUP: 49
39 749 #SUP: 78
39 783 #SUP: 51
39 1121 #SUP: 79
39 1198 #SUP: 51
39 1327 #SUP: 103
39 1715 #SUP: 79
39 1859 #SUP: 46
39 2238 #SUP: 64
39 3735 #SUP: 49
41 48 #SUP: 691
41 65 #SUP: 65
41 89 #SUP: 61
41 110 #SUP: 72
41 170 #SUP: 76
41 225 #SUP: 76
41 310 #SUP: 72
41 352 #SUP: 52
41 475 #SUP: 50
41 604 #SUP: 60
41 749 #SUP: 47
41 1327 #SUP: 52
41 1715 #SUP: 46
48 60 #SUP: 82
48 65 #SUP: 104
48 89 #SUP: 121
48 101 #SUP: 64
48 110 #SUP: 72
48 147 #SUP: 62
48 170 #SUP: 88
48 189 #SUP: 47
48 225 #SUP: 79
48 237 #SUP: 74
48 255 #SUP: 68
48 310 #SUP: 96
48 352 #SUP: 77
48 438 #SUP: 52
48 475 #SUP: 72
48 522 #SUP: 55
48 592 #SUP: 48
48 604 #SUP: 81
48 749 #SUP: 64
48 783 #SUP: 52
48 1121 #SUP: 77
48 1327 #SUP: 80
48 1715 #SUP: 68
48 1859 #SUP: 47
48 2990 #SUP: 48
48 3735 #SUP: 50
32 38 39 #SUP: 107
32 38 41 #SUP: 75
32 38 48 #SUP: 89
32 39 41 #SUP: 175
32 39 48 #SUP: 241
32 41 48 #SUP: 141
36 38 39 #SUP: 107
36 38 41 #SUP: 63
36 38 48 #SUP: 66
36 39 41 #SUP: 54
36 39 48 #SUP: 54
38 39 41 #SUP: 283
38 39 48 #SUP: 317
38 39 110 #SUP: 99
38 39 170 #SUP: 126
38 41 48 #SUP: 200
38 41 110 #SUP: 71
38 41 170 #SUP: 75
38 48 110 #SUP: 71
38 48 170 #SUP: 85
39 41 48 #SUP: 561
39 41 65 #SUP: 48
39 41 89 #SUP: 50
39 41 110 #SUP: 59
39 41 170 #SUP: 62
39 41 225 #SUP: 63
39 41 310 #SUP: 60
39 41 604 #SUP: 46
39 48 60 #SUP: 60
39 48 65 #SUP: 68
39 48 89 #SUP: 88
39 48 110 #SUP: 54
39 48 170 #SUP: 62
39 48 225 #SUP: 63
39 48 237 #SUP: 59
39 48 255 #SUP: 54
39 48 310 #SUP: 75
39 48 352 #SUP: 46
39 48 475 #SUP: 56
39 48 604 #SUP: 63
39 48 749 #SUP: 52
39 48 1121 #SUP: 46
39 48 1327 #SUP: 59
39 48 1715 #SUP: 49
41 48 89 #SUP: 46
41 48 225 #SUP: 46
41 48 310 #SUP: 55
32 38 39 41 #SUP: 60
32 38 39 48 #SUP: 68
32 38 41 48 #SUP: 46
32 39 41 48 #SUP: 111
36 38 39 41 #SUP: 51
36 38 39 48 #SUP: 52
38 39 41 48 #SUP: 170
38 39 41 110 #SUP: 59
38 39 41 170 #SUP: 61
38 39 48 110 #SUP: 54
38 39 48 170 #SUP: 60
39 41 48 310 #SUP: 46
