8 #SUP: 3035
12 #SUP: 4229
14 #SUP: 2657
15 #SUP: 3319
16 #SUP: 4128
17 #SUP: 4242
18 #SUP: 4226
21 #SUP: 3840
22 #SUP: 2807
24 #SUP: 3483
25 #SUP: 3202
27 #SUP: 3636
28 #SUP: 3265
29 #SUP: 3743
31 #SUP: 3968
41 #SUP: 3292
43 #SUP: 3685
59 #SUP: 3122
63 #SUP: 2695
66 #SUP: 3852
8 12 #SUP: 3022
8 16 #SUP: 2958
8 17 #SUP: 3034
8 18 #SUP: 3021
8 21 #SUP: 2728
8 24 #SUP: 3003
8 27 #SUP: 2575
8 29 #SUP: 2700
8 31 #SUP: 2855
8 43 #SUP: 2664
8 66 #SUP: 2723
12 14 #SUP: 2652
12 15 #SUP: 3306
12 16 #SUP: 4122
12 17 #SUP: 4228
12 18 #SUP: 4220
12 21 #SUP: 3826
12 22 #SUP: 2804
12 24 #SUP: 3470
12 25 #SUP: 3189
12 27 #SUP: 3624
12 28 #SUP: 3260
12 29 #SUP: 3730
12 31 #SUP: 3955
12 41 #SUP: 3283
12 43 #SUP: 3673
12 59 #SUP: 3119
12 63 #SUP: 2685
12 66 #SUP: 3838
14 16 #SUP: 2631
14 17 #SUP: 2657
14 18 #SUP: 2654
15 16 #SUP: 3232
15 17 #SUP: 3319
15 18 #SUP: 3305
15 21 #SUP: 3012
15 24 #SUP: 2699
15 25 #SUP: 2554
15 27 #SUP: 2876
15 28 #SUP: 2570
15 29 #SUP: 2926
15 31 #SUP: 3129
15 41 #SUP: 2616
15 43 #SUP: 2887
15 66 #SUP: 2981
16 17 #SUP: 4128
16 18 #SUP: 4119
16 21 #SUP: 3739
16 22 #SUP: 2756
16 24 #SUP: 3389
16 25 #SUP: 3117
16 27 #SUP: 3540
16 28 #SUP: 3161
16 29 #SUP: 3637
16 31 #SUP: 3891
16 41 #SUP: 3218
16 43 #SUP: 3592
16 59 #SUP: 3068
16 63 #SUP: 2611
16 66 #SUP: 3738
17 18 #SUP: 4226
17 21 #SUP: 3840
17 22 #SUP: 2807
17 24 #SUP: 3483
17 25 #SUP: 3202
17 27 #SUP: 3636
17 28 #SUP: 3265
17 29 #SUP: 3743
17 31 #SUP: 3968
17 41 #SUP: 3292
17 43 #SUP: 3685
17 59 #SUP: 3122
17 63 #SUP: 2695
17 66 #SUP: 3852
18 21 #SUP: 3824
18 22 #SUP: 2803
18 24 #SUP: 3469
18 25 #SUP: 3189
18 27 #SUP: 3621
18 28 #SUP: 3256
18 29 #SUP: 3728
18 31 #SUP: 3953
18 41 #SUP: 3278
18 43 #SUP: 3673
18 59 #SUP: 3115
18 63 #SUP: 2683
18 66 #SUP: 3836
21 24 #SUP: 3150
21 25 #SUP: 2834
21 27 #SUP: 3503
21 28 #SUP: 2912
21 29 #SUP: 3438
21 31 #SUP: 3609
21 41 #SUP: 3006
21 43 #SUP: 3334
21 59 #SUP: 2872
21 66 #SUP: 3500
22 31 #SUP: 2686
24 25 #SUP: 2644
24 27 #SUP: 2978
24 28 #SUP: 2671
24 29 #SUP: 3090
24 31 #SUP: 3273
24 41 #SUP: 2716
24 43 #SUP: 3049
24 59 #SUP: 2595
24 66 #SUP: 3145
25 27 #SUP: 2668
25 28 #SUP: 2555
25 29 #SUP: 2790
25 31 #SUP: 2976
25 43 #SUP: 2810
25 66 #SUP: 2889
27 28 #SUP: 2753
27 29 #SUP: 3226
27 31 #SUP: 3410
27 41 #SUP: 2856
27 43 #SUP: 3166
27 59 #SUP: 2744
27 66 #SUP: 3310
28 29 #SUP: 2835
28 31 #SUP: 3094
28 41 #SUP: 2595
28 43 #SUP: 2847
28 66 #SUP: 2910
29 31 #SUP: 3498
29 41 #SUP: 2935
29 43 #SUP: 3256
29 59 #SUP: 2779
29 66 #SUP: 3402
31 41 #SUP: 3183
31 43 #SUP: 3454
31 59 #SUP: 3050
31 66 #SUP: 3601
41 43 #SUP: 2879
41 59 #SUP: 2731
41 66 #SUP: 2979
43 59 #SUP: 2797
43 66 #SUP: 3348
59 66 #SUP: 2808
8 12 16 #SUP: 2952
8 12 17 #SUP: 3021
8 12 18 #SUP: 3015
8 12 21 #SUP: 2715
8 12 24 #SUP: 2990
8 12 27 #SUP: 2564
8 12 29 #SUP: 2687
8 12 31 #SUP: 2843
8 12 43 #SUP: 2653
8 12 66 #SUP: 2710
8 16 17 #SUP: 2958
8 16 18 #SUP: 2951
8 16 21 #SUP: 2662
8 16 24 #SUP: 2927
8 16 29 #SUP: 2629
8 16 31 #SUP: 2800
8 16 43 #SUP: 2604
8 16 66 #SUP: 2647
8 17 18 #SUP: 3021
8 17 21 #SUP: 2728
8 17 24 #SUP: 3003
8 17 27 #SUP: 2575
8 17 29 #SUP: 2700
8 17 31 #SUP: 2855
8 17 43 #SUP: 2664
8 17 66 #SUP: 2723
8 18 21 #SUP: 2715
8 18 24 #SUP: 2990
8 18 27 #SUP: 2563
8 18 29 #SUP: 2687
8 18 31 #SUP: 2843
8 18 43 #SUP: 2654
8 18 66 #SUP: 2710
8 21 24 #SUP: 2699
8 21 31 #SUP: 2573
8 24 27 #SUP: 2549
8 24 29 #SUP: 2673
8 24 31 #SUP: 2826
8 24 43 #SUP: 2636
8 24 66 #SUP: 2695
8 31 66 #SUP: 2563
12 14 16 #SUP: 2626
12 14 17 #SUP: 2652
12 14 18 #SUP: 2650
12 15 16 #SUP: 3226
12 15 17 #SUP: 3306
12 15 18 #SUP: 3300
12 15 21 #SUP: 2999
12 15 24 #SUP: 2687
12 15 27 #SUP: 2865
12 15 28 #SUP: 2566
12 15 29 #SUP: 2914
12 15 31 #SUP: 3117
12 15 41 #SUP: 2607
12 15 43 #SUP: 2876
12 15 66 #SUP: 2968
12 16 17 #SUP: 4122
12 16 18 #SUP: 4114
12 16 21 #SUP: 3733
12 16 22 #SUP: 2754
12 16 24 #SUP: 3383
12 16 25 #SUP: 3112
12 16 27 #SUP: 3536
12 16 28 #SUP: 3158
12 16 29 #SUP: 3631
12 16 31 #SUP: 3886
12 16 41 #SUP: 3215
12 16 43 #SUP: 3587
12 16 59 #SUP: 3066
12 16 63 #SUP: 2608
12 16 66 #SUP: 3732
12 17 18 #SUP: 4220
12 17 21 #SUP: 3826
12 17 22 #SUP: 2804
12 17 24 #SUP: 3470
12 17 25 #SUP: 3189
12 17 27 #SUP: 3624
12 17 28 #SUP: 3260
12 17 29 #SUP: 3730
12 17 31 #SUP: 3955
12 17 41 #SUP: 3283
12 17 43 #SUP: 3673
12 17 59 #SUP: 3119
12 17 63 #SUP: 2685
12 17 66 #SUP: 3838
12 18 21 #SUP: 3818
12 18 22 #SUP: 2800
12 18 24 #SUP: 3463
12 18 25 #SUP: 3184
12 18 27 #SUP: 3617
12 18 28 #SUP: 3252
12 18 29 #SUP: 3722
12 18 31 #SUP: 3948
12 18 41 #SUP: 3276
12 18 43 #SUP: 3668
12 18 59 #SUP: 3112
12 18 63 #SUP: 2680
12 18 66 #SUP: 3830
12 21 24 #SUP: 3137
12 21 25 #SUP: 2821
12 21 27 #SUP: 3491
12 21 28 #SUP: 2907
12 21 29 #SUP: 3425
12 21 31 #SUP: 3596
12 21 41 #SUP: 2997
12 21 43 #SUP: 3322
12 21 59 #SUP: 2869
12 21 66 #SUP: 3486
12 22 31 #SUP: 2684
12 24 25 #SUP: 2632
12 24 27 #SUP: 2967
12 24 28 #SUP: 2667
12 24 29 #SUP: 3077
12 24 31 #SUP: 3261
12 24 41 #SUP: 2707
12 24 43 #SUP: 3038
12 24 59 #SUP: 2592
12 24 66 #SUP: 3132
12 25 27 #SUP: 2657
12 25 28 #SUP: 2551
12 25 29 #SUP: 2778
12 25 31 #SUP: 2964
12 25 43 #SUP: 2799
12 25 66 #SUP: 2876
12 27 28 #SUP: 2749
12 27 29 #SUP: 3215
12 27 31 #SUP: 3399
12 27 41 #SUP: 2849
12 27 43 #SUP: 3155
12 27 59 #SUP: 2742
12 27 66 #SUP: 3298
12 28 29 #SUP: 2831
12 28 31 #SUP: 3090
12 28 41 #SUP: 2594
12 28 43 #SUP: 2843
12 28 66 #SUP: 2905
12 29 31 #SUP: 3486
12 29 41 #SUP: 2926
12 29 43 #SUP: 3245
12 29 59 #SUP: 2776
12 29 66 #SUP: 3389
12 31 41 #SUP: 3174
12 31 43 #SUP: 3443
12 31 59 #SUP: 3047
12 31 66 #SUP: 3588
12 41 43 #SUP: 2872
12 41 59 #SUP: 2730
12 41 66 #SUP: 2970
12 43 59 #SUP: 2794
12 43 66 #SUP: 3336
12 59 66 #SUP: 2805
14 16 17 #SUP: 2631
14 16 18 #SUP: 2628
14 17 18 #SUP: 2654
15 16 17 #SUP: 3232
15 16 18 #SUP: 3225
15 16 21 #SUP: 2936
15 16 24 #SUP: 2627
15 16 27 #SUP: 2806
15 16 29 #SUP: 2847
15 16 31 #SUP: 3071
15 16 41 #SUP: 2559
15 16 43 #SUP: 2816
15 16 66 #SUP: 2894
15 17 18 #SUP: 3305
15 17 21 #SUP: 3012
15 17 24 #SUP: 2699
15 17 25 #SUP: 2554
15 17 27 #SUP: 2876
15 17 28 #SUP: 2570
15 17 29 #SUP: 2926
15 17 31 #SUP: 3129
15 17 41 #SUP: 2616
15 17 43 #SUP: 2887
15 17 66 #SUP: 2981
15 18 21 #SUP: 2998
15 18 24 #SUP: 2687
15 18 27 #SUP: 2863
15 18 28 #SUP: 2563
15 18 29 #SUP: 2913
15 18 31 #SUP: 3116
15 18 41 #SUP: 2604
15 18 43 #SUP: 2876
15 18 66 #SUP: 2967
15 21 27 #SUP: 2769
15 21 29 #SUP: 2691
15 21 31 #SUP: 2853
15 21 43 #SUP: 2622
15 21 66 #SUP: 2717
15 24 31 #SUP: 2559
15 27 29 #SUP: 2546
15 27 31 #SUP: 2721
15 27 66 #SUP: 2590
15 29 31 #SUP: 2760
15 29 43 #SUP: 2552
15 29 66 #SUP: 2630
15 31 43 #SUP: 2723
15 31 66 #SUP: 2811
15 43 66 #SUP: 2594
16 17 18 #SUP: 4119
16 17 21 #SUP: 3739
16 17 22 #SUP: 2756
16 17 24 #SUP: 3389
16 17 25 #SUP: 3117
16 17 27 #SUP: 3540
16 17 28 #SUP: 3161
16 17 29 #SUP: 3637
16 17 31 #SUP: 3891
16 17 41 #SUP: 3218
16 17 43 #SUP: 3592
16 17 59 #SUP: 3068
16 17 63 #SUP: 2611
16 17 66 #SUP: 3738
16 18 21 #SUP: 3730
16 18 22 #SUP: 2752
16 18 24 #SUP: 3381
16 18 25 #SUP: 3111
16 18 27 #SUP: 3532
16 18 28 #SUP: 3153
16 18 29 #SUP: 3628
16 18 31 #SUP: 3883
16 18 41 #SUP: 3210
16 18 43 #SUP: 3586
16 18 59 #SUP: 3061
16 18 63 #SUP: 2605
16 18 66 #SUP: 3729
16 21 24 #SUP: 3068
16 21 25 #SUP: 2760
16 21 27 #SUP: 3415
16 21 28 #SUP: 2821
16 21 29 #SUP: 3344
16 21 31 #SUP: 3540
16 21 41 #SUP: 2940
16 21 43 #SUP: 3252
16 21 59 #SUP: 2824
16 21 66 #SUP: 3399
16 22 31 #SUP: 2650
16 24 25 #SUP: 2575
16 24 27 #SUP: 2899
16 24 28 #SUP: 2587
16 24 29 #SUP: 3001
16 24 31 #SUP: 3207
16 24 41 #SUP: 2654
16 24 43 #SUP: 2973
16 24 59 #SUP: 2549
16 24 66 #SUP: 3051
16 25 27 #SUP: 2598
16 25 29 #SUP: 2712
16 25 31 #SUP: 2918
16 25 43 #SUP: 2741
16 25 66 #SUP: 2804
16 27 28 #SUP: 2667
16 27 29 #SUP: 3137
16 27 31 #SUP: 3342
16 27 41 #SUP: 2793
16 27 43 #SUP: 3090
16 27 59 #SUP: 2696
16 27 66 #SUP: 3214
16 28 29 #SUP: 2739
16 28 31 #SUP: 3027
16 28 43 #SUP: 2762
16 28 66 #SUP: 2806
16 29 31 #SUP: 3424
16 29 41 #SUP: 2864
16 29 43 #SUP: 3169
16 29 59 #SUP: 2727
16 29 66 #SUP: 3296
16 31 41 #SUP: 3126
16 31 43 #SUP: 3392
16 31 59 #SUP: 3003
16 31 66 #SUP: 3524
16 41 43 #SUP: 2821
16 41 59 #SUP: 2682
16 41 66 #SUP: 2905
16 43 59 #SUP: 2756
16 43 66 #SUP: 3255
16 59 66 #SUP: 2754
17 18 21 #SUP: 3824
17 18 22 #SUP: 2803
17 18 24 #SUP: 3469
17 18 25 #SUP: 3189
17 18 27 #SUP: 3621
17 18 28 #SUP: 3256
17 18 29 #SUP: 3728
17 18 31 #SUP: 3953
17 18 41 #SUP: 3278
17 18 43 #SUP: 3673
17 18 59 #SUP: 3115
17 18 63 #SUP: 2683
17 18 66 #SUP: 3836
17 21 24 #SUP: 3150
17 21 25 #SUP: 2834
17 21 27 #SUP: 3503
17 21 28 #SUP: 2912
17 21 29 #SUP: 3438
17 21 31 #SUP: 3609
17 21 41 #SUP: 3006
17 21 43 #SUP: 3334
17 21 59 #SUP: 2872
17 21 66 #SUP: 3500
17 22 31 #SUP: 2686
17 24 25 #SUP: 2644
17 24 27 #SUP: 2978
17 24 28 #SUP: 2671
17 24 29 #SUP: 3090
17 24 31 #SUP: 3273
17 24 41 #SUP: 2716
17 24 43 #SUP: 3049
17 24 59 #SUP: 2595
17 24 66 #SUP: 3145
17 25 27 #SUP: 2668
17 25 28 #SUP: 2555
17 25 29 #SUP: 2790
17 25 31 #SUP: 2976
17 25 43 #SUP: 2810
17 25 66 #SUP: 2889
17 27 28 #SUP: 2753
17 27 29 #SUP: 3226
17 27 31 #SUP: 3410
17 27 41 #SUP: 2856
17 27 43 #SUP: 3166
17 27 59 #SUP: 2744
17 27 66 #SUP: 3310
17 28 29 #SUP: 2835
17 28 31 #SUP: 3094
17 28 41 #SUP: 2595
17 28 43 #SUP: 2847
17 28 66 #SUP: 2910
17 29 31 #SUP: 3498
17 29 41 #SUP: 2935
17 29 43 #SUP: 3256
17 29 59 #SUP: 2779
17 29 66 #SUP: 3402
17 31 41 #SUP: 3183
17 31 43 #SUP: 3454
17 31 59 #SUP: 3050
17 31 66 #SUP: 3601
17 41 43 #SUP: 2879
17 41 59 #SUP: 2731
17 41 66 #SUP: 2979
17 43 59 #SUP: 2797
17 43 66 #SUP: 3348
17 59 66 #SUP: 2808
18 21 24 #SUP: 3136
18 21 25 #SUP: 2821
18 21 27 #SUP: 3488
18 21 28 #SUP: 2903
18 21 29 #SUP: 3423
18 21 31 #SUP: 3594
18 21 41 #SUP: 2992
18 21 43 #SUP: 3322
18 21 59 #SUP: 2865
18 21 66 #SUP: 3484
18 22 31 #SUP: 2682
18 24 25 #SUP: 2633
18 24 27 #SUP: 2965
18 24 28 #SUP: 2664
18 24 29 #SUP: 3076
18 24 31 #SUP: 3260
18 24 41 #SUP: 2703
18 24 43 #SUP: 3039
18 24 59 #SUP: 2589
18 24 66 #SUP: 3131
18 25 27 #SUP: 2656
18 25 28 #SUP: 2549
18 25 29 #SUP: 2778
18 25 31 #SUP: 2964
18 25 43 #SUP: 2800
18 25 66 #SUP: 2876
18 27 28 #SUP: 2745
18 27 29 #SUP: 3212
18 27 31 #SUP: 3396
18 27 41 #SUP: 2843
18 27 43 #SUP: 3155
18 27 59 #SUP: 2738
18 27 66 #SUP: 3295
18 28 29 #SUP: 2827
18 28 31 #SUP: 3086
18 28 41 #SUP: 2588
18 28 43 #SUP: 2841
18 28 66 #SUP: 2901
18 29 31 #SUP: 3484
18 29 41 #SUP: 2921
18 29 43 #SUP: 3245
18 29 59 #SUP: 2772
18 29 66 #SUP: 3387
18 31 41 #SUP: 3169
18 31 43 #SUP: 3443
18 31 59 #SUP: 3043
18 31 66 #SUP: 3586
18 41 43 #SUP: 2869
18 41 59 #SUP: 2724
18 41 66 #SUP: 2965
18 43 59 #SUP: 2793
18 43 66 #SUP: 3336
18 59 66 #SUP: 2801
21 24 27 #SUP: 2878
21 24 29 #SUP: 2841
21 24 31 #SUP: 2967
21 24 43 #SUP: 2759
21 24 66 #SUP: 2857
21 25 27 #SUP: 2554
21 25 31 #SUP: 2645
21 25 66 #SUP: 2568
21 27 28 #SUP: 2636
21 27 29 #SUP: 3118
21 27 31 #SUP: 3294
21 27 41 #SUP: 2762
21 27 43 #SUP: 3053
21 27 59 #SUP: 2642
21 27 66 #SUP: 3192
21 28 29 #SUP: 2576
21 28 31 #SUP: 2772
21 28 66 #SUP: 2603
21 29 31 #SUP: 3227
21 29 41 #SUP: 2714
21 29 43 #SUP: 2992
21 29 59 #SUP: 2589
21 29 66 #SUP: 3136
21 31 41 #SUP: 2917
21 31 43 #SUP: 3141
21 31 59 #SUP: 2814
21 31 66 #SUP: 3285
21 41 43 #SUP: 2626
21 41 66 #SUP: 2734
21 43 59 #SUP: 2572
21 43 66 #SUP: 3039
21 59 66 #SUP: 2592
24 27 29 #SUP: 2656
24 27 31 #SUP: 2801
24 27 43 #SUP: 2614
24 27 66 #SUP: 2701
24 28 31 #SUP: 2553
24 29 31 #SUP: 2899
24 29 43 #SUP: 2706
24 29 66 #SUP: 2794
24 31 41 #SUP: 2642
24 31 43 #SUP: 2870
24 31 59 #SUP: 2549
24 31 66 #SUP: 2954
24 43 66 #SUP: 2757
25 29 31 #SUP: 2590
25 31 43 #SUP: 2620
25 31 66 #SUP: 2682
27 28 31 #SUP: 2616
27 29 31 #SUP: 3019
27 29 41 #SUP: 2555
27 29 43 #SUP: 2812
27 29 66 #SUP: 2938
27 31 41 #SUP: 2767
27 31 43 #SUP: 2979
27 31 59 #SUP: 2682
27 31 66 #SUP: 3102
27 41 66 #SUP: 2594
27 43 66 #SUP: 2884
28 29 31 #SUP: 2686
28 31 43 #SUP: 2703
28 31 66 #SUP: 2756
29 31 41 #SUP: 2838
29 31 43 #SUP: 3047
29 31 59 #SUP: 2714
29 31 66 #SUP: 3179
29 41 43 #SUP: 2571
29 41 66 #SUP: 2660
29 43 66 #SUP: 2962
31 41 43 #SUP: 2794
31 41 59 #SUP: 2672
31 41 66 #SUP: 2880
31 43 59 #SUP: 2737
31 43 66 #SUP: 3137
31 59 66 #SUP: 2745
41 43 66 #SUP: 2606
8 12 16 17 #SUP: 2952
8 12 16 18 #SUP: 2946
8 12 16 21 #SUP: 2656
8 12 16 24 #SUP: 2921
8 12 16 29 #SUP: 2623
8 12 16 31 #SUP: 2795
8 12 16 43 #SUP: 2599
8 12 16 66 #SUP: 2641
8 12 17 18 #SUP: 3015
8 12 17 21 #SUP: 2715
8 12 17 24 #SUP: 2990
8 12 17 27 #SUP: 2564
8 12 17 29 #SUP: 2687
8 12 17 31 #SUP: 2843
8 12 17 43 #SUP: 2653
8 12 17 66 #SUP: 2710
8 12 18 21 #SUP: 2709
8 12 18 24 #SUP: 2984
8 12 18 27 #SUP: 2559
8 12 18 29 #SUP: 2681
8 12 18 31 #SUP: 2838
8 12 18 43 #SUP: 2649
8 12 18 66 #SUP: 2704
8 12 21 24 #SUP: 2686
8 12 21 31 #SUP: 2561
8 12 24 29 #SUP: 2660
8 12 24 31 #SUP: 2814
8 12 24 43 #SUP: 2625
8 12 24 66 #SUP: 2682
8 12 31 66 #SUP: 2551
8 16 17 18 #SUP: 2951
8 16 17 21 #SUP: 2662
8 16 17 24 #SUP: 2927
8 16 17 29 #SUP: 2629
8 16 17 31 #SUP: 2800
8 16 17 43 #SUP: 2604
8 16 17 66 #SUP: 2647
8 16 18 21 #SUP: 2655
8 16 18 24 #SUP: 2920
8 16 18 29 #SUP: 2622
8 16 18 31 #SUP: 2794
8 16 18 43 #SUP: 2599
8 16 18 66 #SUP: 2640
8 16 21 24 #SUP: 2633
8 16 24 29 #SUP: 2602
8 16 24 31 #SUP: 2771
8 16 24 43 #SUP: 2576
8 16 24 66 #SUP: 2619
8 17 18 21 #SUP: 2715
8 17 18 24 #SUP: 2990
8 17 18 27 #SUP: 2563
8 17 18 29 #SUP: 2687
8 17 18 31 #SUP: 2843
8 17 18 43 #SUP: 2654
8 17 18 66 #SUP: 2710
8 17 21 24 #SUP: 2699
8 17 21 31 #SUP: 2573
8 17 24 27 #SUP: 2549
8 17 24 29 #SUP: 2673
8 17 24 31 #SUP: 2826
8 17 24 43 #SUP: 2636
8 17 24 66 #SUP: 2695
8 17 31 66 #SUP: 2563
8 18 21 24 #SUP: 2686
8 18 21 31 #SUP: 2561
8 18 24 29 #SUP: 2660
8 18 24 31 #SUP: 2814
8 18 24 43 #SUP: 2626
8 18 24 66 #SUP: 2682
8 18 31 66 #SUP: 2551
8 21 24 31 #SUP: 2546
12 14 16 17 #SUP: 2626
12 14 16 18 #SUP: 2624
12 14 17 18 #SUP: 2650
12 15 16 17 #SUP: 3226
12 15 16 18 #SUP: 3220
12 15 16 21 #SUP: 2930
12 15 16 24 #SUP: 2621
12 15 16 27 #SUP: 2802
12 15 16 29 #SUP: 2841
12 15 16 31 #SUP: 3066
12 15 16 41 #SUP: 2556
12 15 16 43 #SUP: 2811
12 15 16 66 #SUP: 2888
12 15 17 18 #SUP: 3300
12 15 17 21 #SUP: 2999
12 15 17 24 #SUP: 2687
12 15 17 27 #SUP: 2865
12 15 17 28 #SUP: 2566
12 15 17 29 #SUP: 2914
12 15 17 31 #SUP: 3117
12 15 17 41 #SUP: 2607
12 15 17 43 #SUP: 2876
12 15 17 66 #SUP: 2968
12 15 18 21 #SUP: 2993
12 15 18 24 #SUP: 2682
12 15 18 27 #SUP: 2860
12 15 18 28 #SUP: 2560
12 15 18 29 #SUP: 2908
12 15 18 31 #SUP: 3112
12 15 18 41 #SUP: 2602
12 15 18 43 #SUP: 2872
12 15 18 66 #SUP: 2962
12 15 21 27 #SUP: 2758
12 15 21 29 #SUP: 2679
12 15 21 31 #SUP: 2841
12 15 21 43 #SUP: 2611
12 15 21 66 #SUP: 2704
12 15 24 31 #SUP: 2548
12 15 27 31 #SUP: 2711
12 15 27 66 #SUP: 2579
12 15 29 31 #SUP: 2749
12 15 29 66 #SUP: 2618
12 15 31 43 #SUP: 2713
12 15 31 66 #SUP: 2799
12 15 43 66 #SUP: 2583
12 16 17 18 #SUP: 4114
12 16 17 21 #SUP: 3733
12 16 17 22 #SUP: 2754
12 16 17 24 #SUP: 3383
12 16 17 25 #SUP: 3112
12 16 17 27 #SUP: 3536
12 16 17 28 #SUP: 3158
12 16 17 29 #SUP: 3631
12 16 17 31 #SUP: 3886
12 16 17 41 #SUP: 3215
12 16 17 43 #SUP: 3587
12 16 17 59 #SUP: 3066
12 16 17 63 #SUP: 2608
12 16 17 66 #SUP: 3732
12 16 18 21 #SUP: 3725
12 16 18 22 #SUP: 2750
12 16 18 24 #SUP: 3376
12 16 18 25 #SUP: 3107
12 16 18 27 #SUP: 3529
12 16 18 28 #SUP: 3150
12 16 18 29 #SUP: 3623
12 16 18 31 #SUP: 3879
12 16 18 41 #SUP: 3208
12 16 18 43 #SUP: 3582
12 16 18 59 #SUP: 3059
12 16 18 63 #SUP: 2603
12 16 18 66 #SUP: 3724
12 16 21 24 #SUP: 3062
12 16 21 25 #SUP: 2755
12 16 21 27 #SUP: 3411
12 16 21 28 #SUP: 2818
12 16 21 29 #SUP: 3338
12 16 21 31 #SUP: 3535
12 16 21 41 #SUP: 2937
12 16 21 43 #SUP: 3247
12 16 21 59 #SUP: 2822
12 16 21 66 #SUP: 3393
12 16 22 31 #SUP: 2649
12 16 24 25 #SUP: 2570
12 16 24 27 #SUP: 2895
12 16 24 28 #SUP: 2584
12 16 24 29 #SUP: 2995
12 16 24 31 #SUP: 3202
12 16 24 41 #SUP: 2651
12 16 24 43 #SUP: 2968
12 16 24 59 #SUP: 2547
12 16 24 66 #SUP: 3045
12 16 25 27 #SUP: 2595
12 16 25 29 #SUP: 2707
12 16 25 31 #SUP: 2914
12 16 25 43 #SUP: 2737
12 16 25 66 #SUP: 2799
12 16 27 28 #SUP: 2665
12 16 27 29 #SUP: 3133
12 16 27 31 #SUP: 3339
12 16 27 41 #SUP: 2792
12 16 27 43 #SUP: 3086
12 16 27 59 #SUP: 2695
12 16 27 66 #SUP: 3210
12 16 28 29 #SUP: 2736
12 16 28 31 #SUP: 3025
12 16 28 43 #SUP: 2760
12 16 28 66 #SUP: 2803
12 16 29 31 #SUP: 3419
12 16 29 41 #SUP: 2861
12 16 29 43 #SUP: 3164
12 16 29 59 #SUP: 2725
12 16 29 66 #SUP: 3290
12 16 31 41 #SUP: 3123
12 16 31 43 #SUP: 3388
12 16 31 59 #SUP: 3001
12 16 31 66 #SUP: 3519
12 16 41 43 #SUP: 2819
12 16 41 59 #SUP: 2681
12 16 41 66 #SUP: 2902
12 16 43 59 #SUP: 2754
12 16 43 66 #SUP: 3250
12 16 59 66 #SUP: 2752
12 17 18 21 #SUP: 3818
12 17 18 22 #SUP: 2800
12 17 18 24 #SUP: 3463
12 17 18 25 #SUP: 3184
12 17 18 27 #SUP: 3617
12 17 18 28 #SUP: 3252
12 17 18 29 #SUP: 3722
12 17 18 31 #SUP: 3948
12 17 18 41 #SUP: 3276
12 17 18 43 #SUP: 3668
12 17 18 59 #SUP: 3112
12 17 18 63 #SUP: 2680
12 17 18 66 #SUP: 3830
12 17 21 24 #SUP: 3137
12 17 21 25 #SUP: 2821
12 17 21 27 #SUP: 3491
12 17 21 28 #SUP: 2907
12 17 21 29 #SUP: 3425
12 17 21 31 #SUP: 3596
12 17 21 41 #SUP: 2997
12 17 21 43 #SUP: 3322
12 17 21 59 #SUP: 2869
12 17 21 66 #SUP: 3486
12 17 22 31 #SUP: 2684
12 17 24 25 #SUP: 2632
12 17 24 27 #SUP: 2967
12 17 24 28 #SUP: 2667
12 17 24 29 #SUP: 3077
12 17 24 31 #SUP: 3261
12 17 24 41 #SUP: 2707
12 17 24 43 #SUP: 3038
12 17 24 59 #SUP: 2592
12 17 24 66 #SUP: 3132
12 17 25 27 #SUP: 2657
12 17 25 28 #SUP: 2551
12 17 25 29 #SUP: 2778
12 17 25 31 #SUP: 2964
12 17 25 43 #SUP: 2799
12 17 25 66 #SUP: 2876
12 17 27 28 #SUP: 2749
12 17 27 29 #SUP: 3215
12 17 27 31 #SUP: 3399
12 17 27 41 #SUP: 2849
12 17 27 43 #SUP: 3155
12 17 27 59 #SUP: 2742
12 17 27 66 #SUP: 3298
12 17 28 29 #SUP: 2831
12 17 28 31 #SUP: 3090
12 17 28 41 #SUP: 2594
12 17 28 43 #SUP: 2843
12 17 28 66 #SUP: 2905
12 17 29 31 #SUP: 3486
12 17 29 41 #SUP: 2926
12 17 29 43 #SUP: 3245
12 17 29 59 #SUP: 2776
12 17 29 66 #SUP: 3389
12 17 31 41 #SUP: 3174
12 17 31 43 #SUP: 3443
12 17 31 59 #SUP: 3047
12 17 31 66 #SUP: 3588
12 17 41 43 #SUP: 2872
12 17 41 59 #SUP: 2730
12 17 41 66 #SUP: 2970
12 17 43 59 #SUP: 2794
12 17 43 66 #SUP: 3336
12 17 59 66 #SUP: 2805
12 18 21 24 #SUP: 3130
12 18 21 25 #SUP: 2816
12 18 21 27 #SUP: 3484
12 18 21 28 #SUP: 2899
12 18 21 29 #SUP: 3417
12 18 21 31 #SUP: 3589
12 18 21 41 #SUP: 2990
12 18 21 43 #SUP: 3317
12 18 21 59 #SUP: 2862
12 18 21 66 #SUP: 3478
12 18 22 31 #SUP: 2680
12 18 24 25 #SUP: 2628
12 18 24 27 #SUP: 2961
12 18 24 28 #SUP: 2660
12 18 24 29 #SUP: 3070
12 18 24 31 #SUP: 3255
12 18 24 41 #SUP: 2701
12 18 24 43 #SUP: 3034
12 18 24 59 #SUP: 2586
12 18 24 66 #SUP: 3125
12 18 25 27 #SUP: 2653
12 18 25 28 #SUP: 2546
12 18 25 29 #SUP: 2773
12 18 25 31 #SUP: 2960
12 18 25 43 #SUP: 2796
12 18 25 66 #SUP: 2871
12 18 27 28 #SUP: 2742
12 18 27 29 #SUP: 3208
12 18 27 31 #SUP: 3393
12 18 27 41 #SUP: 2843
12 18 27 43 #SUP: 3151
12 18 27 59 #SUP: 2736
12 18 27 66 #SUP: 3291
12 18 28 29 #SUP: 2823
12 18 28 31 #SUP: 3083
12 18 28 41 #SUP: 2587
12 18 28 43 #SUP: 2838
12 18 28 66 #SUP: 2897
12 18 29 31 #SUP: 3479
12 18 29 41 #SUP: 2919
12 18 29 43 #SUP: 3240
12 18 29 59 #SUP: 2769
12 18 29 66 #SUP: 3381
12 18 31 41 #SUP: 3167
12 18 31 43 #SUP: 3439
12 18 31 59 #SUP: 3040
12 18 31 66 #SUP: 3581
12 18 41 43 #SUP: 2868
12 18 41 59 #SUP: 2723
12 18 41 66 #SUP: 2963
12 18 43 59 #SUP: 2790
12 18 43 66 #SUP: 3331
12 18 59 66 #SUP: 2798
12 21 24 27 #SUP: 2867
12 21 24 29 #SUP: 2828
12 21 24 31 #SUP: 2955
12 21 24 43 #SUP: 2748
12 21 24 66 #SUP: 2844
12 21 25 31 #SUP: 2633
12 21 25 66 #SUP: 2555
12 21 27 28 #SUP: 2632
12 21 27 29 #SUP: 3107
12 21 27 31 #SUP: 3283
12 21 27 41 #SUP: 2755
12 21 27 43 #SUP: 3042
12 21 27 59 #SUP: 2640
12 21 27 66 #SUP: 3180
12 21 28 29 #SUP: 2572
12 21 28 31 #SUP: 2768
12 21 28 66 #SUP: 2598
12 21 29 31 #SUP: 3215
12 21 29 41 #SUP: 2705
12 21 29 43 #SUP: 2981
12 21 29 59 #SUP: 2586
12 21 29 66 #SUP: 3123
12 21 31 41 #SUP: 2908
12 21 31 43 #SUP: 3130
12 21 31 59 #SUP: 2811
12 21 31 66 #SUP: 3272
12 21 41 43 #SUP: 2619
12 21 41 66 #SUP: 2725
12 21 43 59 #SUP: 2569
12 21 43 66 #SUP: 3027
12 21 59 66 #SUP: 2589
12 24 27 29 #SUP: 2645
12 24 27 31 #SUP: 2791
12 24 27 43 #SUP: 2604
12 24 27 66 #SUP: 2690
12 24 28 31 #SUP: 2550
12 24 29 31 #SUP: 2887
12 24 29 43 #SUP: 2695
12 24 29 66 #SUP: 2781
12 24 31 41 #SUP: 2633
12 24 31 43 #SUP: 2860
12 24 31 59 #SUP: 2546
12 24 31 66 #SUP: 2942
12 24 43 66 #SUP: 2746
12 25 29 31 #SUP: 2579
12 25 31 43 #SUP: 2610
12 25 31 66 #SUP: 2670
12 27 28 31 #SUP: 2613
12 27 29 31 #SUP: 3009
12 27 29 41 #SUP: 2548
12 27 29 43 #SUP: 2802
12 27 29 66 #SUP: 2927
12 27 31 41 #SUP: 2760
12 27 31 43 #SUP: 2969
12 27 31 59 #SUP: 2680
12 27 31 66 #SUP: 3091
12 27 41 66 #SUP: 2587
12 27 43 66 #SUP: 2873
12 28 29 31 #SUP: 2683
12 28 31 43 #SUP: 2700
12 28 31 66 #SUP: 2752
12 29 31 41 #SUP: 2829
12 29 31 43 #SUP: 3037
12 29 31 59 #SUP: 2711
12 29 31 66 #SUP: 3167
12 29 41 43 #SUP: 2564
12 29 41 66 #SUP: 2651
12 29 43 66 #SUP: 2951
12 31 41 43 #SUP: 2787
12 31 41 59 #SUP: 2671
12 31 41 66 #SUP: 2871
12 31 43 59 #SUP: 2734
12 31 43 66 #SUP: 3126
12 31 59 66 #SUP: 2742
12 41 43 66 #SUP: 2599
14 16 17 18 #SUP: 2628
15 16 17 18 #SUP: 3225
15 16 17 21 #SUP: 2936
15 16 17 24 #SUP: 2627
15 16 17 27 #SUP: 2806
15 16 17 29 #SUP: 2847
15 16 17 31 #SUP: 3071
15 16 17 41 #SUP: 2559
15 16 17 43 #SUP: 2816
15 16 17 66 #SUP: 2894
15 16 18 21 #SUP: 2929
15 16 18 24 #SUP: 2621
15 16 18 27 #SUP: 2800
15 16 18 29 #SUP: 2840
15 16 18 31 #SUP: 3065
15 16 18 41 #SUP: 2553
15 16 18 43 #SUP: 2811
15 16 18 66 #SUP: 2887
15 16 21 27 #SUP: 2705
15 16 21 29 #SUP: 2622
15 16 21 31 #SUP: 2802
15 16 21 43 #SUP: 2561
15 16 21 66 #SUP: 2641
15 16 27 31 #SUP: 2671
15 16 29 31 #SUP: 2705
15 16 29 66 #SUP: 2551
15 16 31 43 #SUP: 2675
15 16 31 66 #SUP: 2753
15 17 18 21 #SUP: 2998
15 17 18 24 #SUP: 2687
15 17 18 27 #SUP: 2863
15 17 18 28 #SUP: 2563
15 17 18 29 #SUP: 2913
15 17 18 31 #SUP: 3116
15 17 18 41 #SUP: 2604
15 17 18 43 #SUP: 2876
15 17 18 66 #SUP: 2967
15 17 21 27 #SUP: 2769
15 17 21 29 #SUP: 2691
15 17 21 31 #SUP: 2853
15 17 21 43 #SUP: 2622
15 17 21 66 #SUP: 2717
15 17 24 31 #SUP: 2559
15 17 27 29 #SUP: 2546
15 17 27 31 #SUP: 2721
15 17 27 66 #SUP: 2590
15 17 29 31 #SUP: 2760
15 17 29 43 #SUP: 2552
15 17 29 66 #SUP: 2630
15 17 31 43 #SUP: 2723
15 17 31 66 #SUP: 2811
15 17 43 66 #SUP: 2594
15 18 21 27 #SUP: 2756
15 18 21 29 #SUP: 2678
15 18 21 31 #SUP: 2840
15 18 21 43 #SUP: 2611
15 18 21 66 #SUP: 2703
15 18 24 31 #SUP: 2548
15 18 27 31 #SUP: 2709
15 18 27 66 #SUP: 2577
15 18 29 31 #SUP: 2748
15 18 29 66 #SUP: 2617
15 18 31 43 #SUP: 2713
15 18 31 66 #SUP: 2798
15 18 43 66 #SUP: 2583
15 21 27 31 #SUP: 2623
15 21 29 31 #SUP: 2548
15 21 31 66 #SUP: 2571
16 17 18 21 #SUP: 3730
16 17 18 22 #SUP: 2752
16 17 18 24 #SUP: 3381
16 17 18 25 #SUP: 3111
16 17 18 27 #SUP: 3532
16 17 18 28 #SUP: 3153
16 17 18 29 #SUP: 3628
16 17 18 31 #SUP: 3883
16 17 18 41 #SUP: 3210
16 17 18 43 #SUP: 3586
16 17 18 59 #SUP: 3061
16 17 18 63 #SUP: 2605
16 17 18 66 #SUP: 3729
16 17 21 24 #SUP: 3068
16 17 21 25 #SUP: 2760
16 17 21 27 #SUP: 3415
16 17 21 28 #SUP: 2821
16 17 21 29 #SUP: 3344
16 17 21 31 #SUP: 3540
16 17 21 41 #SUP: 2940
16 17 21 43 #SUP: 3252
16 17 21 59 #SUP: 2824
16 17 21 66 #SUP: 3399
16 17 22 31 #SUP: 2650
16 17 24 25 #SUP: 2575
16 17 24 27 #SUP: 2899
16 17 24 28 #SUP: 2587
16 17 24 29 #SUP: 3001
16 17 24 31 #SUP: 3207
16 17 24 41 #SUP: 2654
16 17 24 43 #SUP: 2973
16 17 24 59 #SUP: 2549
16 17 24 66 #SUP: 3051
16 17 25 27 #SUP: 2598
16 17 25 29 #SUP: 2712
16 17 25 31 #SUP: 2918
16 17 25 43 #SUP: 2741
16 17 25 66 #SUP: 2804
16 17 27 28 #SUP: 2667
16 17 27 29 #SUP: 3137
16 17 27 31 #SUP: 3342
16 17 27 41 #SUP: 2793
16 17 27 43 #SUP: 3090
16 17 27 59 #SUP: 2696
16 17 27 66 #SUP: 3214
16 17 28 29 #SUP: 2739
16 17 28 31 #SUP: 3027
16 17 28 43 #SUP: 2762
16 17 28 66 #SUP: 2806
16 17 29 31 #SUP: 3424
16 17 29 41 #SUP: 2864
16 17 29 43 #SUP: 3169
16 17 29 59 #SUP: 2727
16 17 29 66 #SUP: 3296
16 17 31 41 #SUP: 3126
16 17 31 43 #SUP: 3392
16 17 31 59 #SUP: 3003
16 17 31 66 #SUP: 3524
16 17 41 43 #SUP: 2821
16 17 41 59 #SUP: 2682
16 17 41 66 #SUP: 2905
16 17 43 59 #SUP: 2756
16 17 43 66 #SUP: 3255
16 17 59 66 #SUP: 2754
16 18 21 24 #SUP: 3060
16 18 21 25 #SUP: 2754
16 18 21 27 #SUP: 3407
16 18 21 28 #SUP: 2813
16 18 21 29 #SUP: 3335
16 18 21 31 #SUP: 3532
16 18 21 41 #SUP: 2932
16 18 21 43 #SUP: 3246
16 18 21 59 #SUP: 2817
16 18 21 66 #SUP: 3390
16 18 22 31 #SUP: 2646
16 18 24 25 #SUP: 2570
16 18 24 27 #SUP: 2892
16 18 24 28 #SUP: 2580
16 18 24 29 #SUP: 2993
16 18 24 31 #SUP: 3200
16 18 24 41 #SUP: 2647
16 18 24 43 #SUP: 2968
16 18 24 66 #SUP: 3043
16 18 25 27 #SUP: 2593
16 18 25 29 #SUP: 2706
16 18 25 31 #SUP: 2913
16 18 25 43 #SUP: 2737
16 18 25 66 #SUP: 2798
16 18 27 28 #SUP: 2660
16 18 27 29 #SUP: 3129
16 18 27 31 #SUP: 3335
16 18 27 41 #SUP: 2786
16 18 27 43 #SUP: 3085
16 18 27 59 #SUP: 2690
16 18 27 66 #SUP: 3206
16 18 28 29 #SUP: 2731
16 18 28 31 #SUP: 3020
16 18 28 43 #SUP: 2757
16 18 28 66 #SUP: 2798
16 18 29 31 #SUP: 3416
16 18 29 41 #SUP: 2856
16 18 29 43 #SUP: 3163
16 18 29 59 #SUP: 2720
16 18 29 66 #SUP: 3287
16 18 31 41 #SUP: 3118
16 18 31 43 #SUP: 3387
16 18 31 59 #SUP: 2996
16 18 31 66 #SUP: 3516
16 18 41 43 #SUP: 2816
16 18 41 59 #SUP: 2675
16 18 41 66 #SUP: 2897
16 18 43 59 #SUP: 2752
16 18 43 66 #SUP: 3249
16 18 59 66 #SUP: 2747
16 21 24 27 #SUP: 2807
16 21 24 29 #SUP: 2763
16 21 24 31 #SUP: 2909
16 21 24 43 #SUP: 2693
16 21 24 66 #SUP: 2775
16 21 25 31 #SUP: 2594
16 21 27 28 #SUP: 2558
16 21 27 29 #SUP: 3037
16 21 27 31 #SUP: 3233
16 21 27 41 #SUP: 2704
16 21 27 43 #SUP: 2983
16 21 27 59 #SUP: 2599
16 21 27 66 #SUP: 3104
16 21 28 31 #SUP: 2713
16 21 29 31 #SUP: 3161
16 21 29 41 #SUP: 2650
16 21 29 43 #SUP: 2915
16 21 29 66 #SUP: 3042
16 21 31 41 #SUP: 2865
16 21 31 43 #SUP: 3085
16 21 31 59 #SUP: 2773
16 21 31 66 #SUP: 3216
16 21 41 43 #SUP: 2575
16 21 41 66 #SUP: 2668
16 21 43 66 #SUP: 2957
16 24 27 29 #SUP: 2581
16 24 27 31 #SUP: 2743
16 24 27 43 #SUP: 2552
16 24 27 66 #SUP: 2622
16 24 29 31 #SUP: 2834
16 24 29 43 #SUP: 2634
16 24 29 66 #SUP: 2705
16 24 31 41 #SUP: 2593
16 24 31 43 #SUP: 2818
16 24 31 66 #SUP: 2888
16 24 43 66 #SUP: 2681
16 25 31 43 #SUP: 2572
16 25 31 66 #SUP: 2624
16 27 28 31 #SUP: 2558
16 27 29 31 #SUP: 2954
16 27 29 43 #SUP: 2741
16 27 29 66 #SUP: 2849
16 27 31 41 #SUP: 2718
16 27 31 43 #SUP: 2925
16 27 31 59 #SUP: 2641
16 27 31 66 #SUP: 3034
16 27 43 66 #SUP: 2808
16 28 29 31 #SUP: 2622
16 28 31 43 #SUP: 2649
16 28 31 66 #SUP: 2689
16 29 31 41 #SUP: 2782
16 29 31 43 #SUP: 2988
16 29 31 59 #SUP: 2668
16 29 31 66 #SUP: 3105
16 29 41 66 #SUP: 2589
16 29 43 66 #SUP: 2875
16 31 41 43 #SUP: 2750
16 31 41 59 #SUP: 2629
16 31 41 66 #SUP: 2823
16 31 43 59 #SUP: 2702
16 31 43 66 #SUP: 3075
16 31 59 66 #SUP: 2698
16 41 43 66 #SUP: 2548
17 18 21 24 #SUP: 3136
17 18 21 25 #SUP: 2821
17 18 21 27 #SUP: 3488
17 18 21 28 #SUP: 2903
17 18 21 29 #SUP: 3423
17 18 21 31 #SUP: 3594
17 18 21 41 #SUP: 2992
17 18 21 43 #SUP: 3322
17 18 21 59 #SUP: 2865
17 18 21 66 #SUP: 3484
17 18 22 31 #SUP: 2682
17 18 24 25 #SUP: 2633
17 18 24 27 #SUP: 2965
17 18 24 28 #SUP: 2664
17 18 24 29 #SUP: 3076
17 18 24 31 #SUP: 3260
17 18 24 41 #SUP: 2703
17 18 24 43 #SUP: 3039
17 18 24 59 #SUP: 2589
17 18 24 66 #SUP: 3131
17 18 25 27 #SUP: 2656
17 18 25 28 #SUP: 2549
17 18 25 29 #SUP: 2778
17 18 25 31 #SUP: 2964
17 18 25 43 #SUP: 2800
17 18 25 66 #SUP: 2876
17 18 27 28 #SUP: 2745
17 18 27 29 #SUP: 3212
17 18 27 31 #SUP: 3396
17 18 27 41 #SUP: 2843
17 18 27 43 #SUP: 3155
17 18 27 59 #SUP: 2738
17 18 27 66 #SUP: 3295
17 18 28 29 #SUP: 2827
17 18 28 31 #SUP: 3086
17 18 28 41 #SUP: 2588
17 18 28 43 #SUP: 2841
17 18 28 66 #SUP: 2901
17 18 29 31 #SUP: 3484
17 18 29 41 #SUP: 2921
17 18 29 43 #SUP: 3245
17 18 29 59 #SUP: 2772
17 18 29 66 #SUP: 3387
17 18 31 41 #SUP: 3169
17 18 31 43 #SUP: 3443
17 18 31 59 #SUP: 3043
17 18 31 66 #SUP: 3586
17 18 41 43 #SUP: 2869
17 18 41 59 #SUP: 2724
17 18 41 66 #SUP: 2965
17 18 43 59 #SUP: 2793
17 18 43 66 #SUP: 3336
17 18 59 66 #SUP: 2801
17 21 24 27 #SUP: 2878
17 21 24 29 #SUP: 2841
17 21 24 31 #SUP: 2967
17 21 24 43 #SUP: 2759
17 21 24 66 #SUP: 2857
17 21 25 27 #SUP: 2554
17 21 25 31 #SUP: 2645
17 21 25 66 #SUP: 2568
17 21 27 28 #SUP: 2636
17 21 27 29 #SUP: 3118
17 21 27 31 #SUP: 3294
17 21 27 41 #SUP: 2762
17 21 27 43 #SUP: 3053
17 21 27 59 #SUP: 2642
17 21 27 66 #SUP: 3192
17 21 28 29 #SUP: 2576
17 21 28 31 #SUP: 2772
17 21 28 66 #SUP: 2603
17 21 29 31 #SUP: 3227
17 21 29 41 #SUP: 2714
17 21 29 43 #SUP: 2992
17 21 29 59 #SUP: 2589
17 21 29 66 #SUP: 3136
17 21 31 41 #SUP: 2917
17 21 31 43 #SUP: 3141
17 21 31 59 #SUP: 2814
17 21 31 66 #SUP: 3285
17 21 41 43 #SUP: 2626
17 21 41 66 #SUP: 2734
17 21 43 59 #SUP: 2572
17 21 43 66 #SUP: 3039
17 21 59 66 #SUP: 2592
17 24 27 29 #SUP: 2656
17 24 27 31 #SUP: 2801
17 24 27 43 #SUP: 2614
17 24 27 66 #SUP: 2701
17 24 28 31 #SUP: 2553
17 24 29 31 #SUP: 2899
17 24 29 43 #SUP: 2706
17 24 29 66 #SUP: 2794
17 24 31 41 #SUP: 2642
17 24 31 43 #SUP: 2870
17 24 31 59 #SUP: 2549
17 24 31 66 #SUP: 2954
17 24 43 66 #SUP: 2757
17 25 29 31 #SUP: 2590
17 25 31 43 #SUP: 2620
17 25 31 66 #SUP: 2682
17 27 28 31 #SUP: 2616
17 27 29 31 #SUP: 3019
17 27 29 41 #SUP: 2555
17 27 29 43 #SUP: 2812
17 27 29 66 #SUP: 2938
17 27 31 41 #SUP: 2767
17 27 31 43 #SUP: 2979
17 27 31 59 #SUP: 2682
17 27 31 66 #SUP: 3102
17 27 41 66 #SUP: 2594
17 27 43 66 #SUP: 2884
17 28 29 31 #SUP: 2686
17 28 31 43 #SUP: 2703
17 28 31 66 #SUP: 2756
17 29 31 41 #SUP: 2838
17 29 31 43 #SUP: 3047
17 29 31 59 #SUP: 2714
17 29 31 66 #SUP: 3179
17 29 41 43 #SUP: 2571
17 29 41 66 #SUP: 2660
17 29 43 66 #SUP: 2962
17 31 41 43 #SUP: 2794
17 31 41 59 #SUP: 2672
17 31 41 66 #SUP: 2880
17 31 43 59 #SUP: 2737
17 31 43 66 #SUP: 3137
17 31 59 66 #SUP: 2745
17 41 43 66 #SUP: 2606
18 21 24 27 #SUP: 2865
18 21 24 29 #SUP: 2827
18 21 24 31 #SUP: 2954
18 21 24 43 #SUP: 2749
18 21 24 66 #SUP: 2843
18 21 25 31 #SUP: 2633
18 21 25 66 #SUP: 2555
18 21 27 28 #SUP: 2628
18 21 27 29 #SUP: 3104
18 21 27 31 #SUP: 3280
18 21 27 41 #SUP: 2749
18 21 27 43 #SUP: 3042
18 21 27 59 #SUP: 2636
18 21 27 66 #SUP: 3177
18 21 28 29 #SUP: 2568
18 21 28 31 #SUP: 2764
18 21 28 66 #SUP: 2594
18 21 29 31 #SUP: 3213
18 21 29 41 #SUP: 2700
18 21 29 43 #SUP: 2981
18 21 29 59 #SUP: 2582
18 21 29 66 #SUP: 3121
18 21 31 41 #SUP: 2903
18 21 31 43 #SUP: 3130
18 21 31 59 #SUP: 2807
18 21 31 66 #SUP: 3270
18 21 41 43 #SUP: 2616
18 21 41 66 #SUP: 2720
18 21 43 59 #SUP: 2568
18 21 43 66 #SUP: 3027
18 21 59 66 #SUP: 2585
18 24 27 29 #SUP: 2643
18 24 27 31 #SUP: 2789
18 24 27 43 #SUP: 2605
18 24 27 66 #SUP: 2688
18 24 28 31 #SUP: 2547
18 24 29 31 #SUP: 2886
18 24 29 43 #SUP: 2696
18 24 29 66 #SUP: 2780
18 24 31 41 #SUP: 2629
18 24 31 43 #SUP: 2861
18 24 31 66 #SUP: 2941
18 24 43 66 #SUP: 2747
18 25 29 31 #SUP: 2579
18 25 31 43 #SUP: 2611
18 25 31 66 #SUP: 2670
18 27 28 31 #SUP: 2609
18 27 29 31 #SUP: 3006
18 27 29 43 #SUP: 2802
18 27 29 66 #SUP: 2924
18 27 31 41 #SUP: 2754
18 27 31 43 #SUP: 2969
18 27 31 59 #SUP: 2676
18 27 31 66 #SUP: 3088
18 27 41 66 #SUP: 2581
18 27 43 66 #SUP: 2873
18 28 29 31 #SUP: 2679
18 28 31 43 #SUP: 2698
18 28 31 66 #SUP: 2748
18 29 31 41 #SUP: 2824
18 29 31 43 #SUP: 3037
18 29 31 59 #SUP: 2707
18 29 31 66 #SUP: 3165
18 29 41 43 #SUP: 2561
18 29 41 66 #SUP: 2646
18 29 43 66 #SUP: 2951
18 31 41 43 #SUP: 2784
18 31 41 59 #SUP: 2665
18 31 41 66 #SUP: 2866
18 31 43 59 #SUP: 2733
18 31 43 66 #SUP: 3126
18 31 59 66 #SUP: 2738
18 41 43 66 #SUP: 2596
21 24 27 29 #SUP: 2579
21 24 27 31 #SUP: 2709
21 24 27 66 #SUP: 2612
21 24 29 31 #SUP: 2671
21 24 29 66 #SUP: 2579
21 24 31 43 #SUP: 2602
21 24 31 66 #SUP: 2688
21 27 29 31 #SUP: 2927
21 27 29 43 #SUP: 2722
21 27 29 66 #SUP: 2843
21 27 31 41 #SUP: 2680
21 27 31 43 #SUP: 2880
21 27 31 59 #SUP: 2586
21 27 31 66 #SUP: 2999
21 27 43 66 #SUP: 2783
21 29 31 41 #SUP: 2631
21 29 31 43 #SUP: 2813
21 29 31 66 #SUP: 2941
21 29 43 66 #SUP: 2730
21 31 41 43 #SUP: 2560
21 31 41 66 #SUP: 2651
21 31 43 66 #SUP: 2860
24 29 31 66 #SUP: 2621
24 31 43 66 #SUP: 2595
27 29 31 43 #SUP: 2639
27 29 31 66 #SUP: 2749
27 29 43 66 #SUP: 2563
27 31 43 66 #SUP: 2712
29 31 41 66 #SUP: 2572
29 31 43 66 #SUP: 2772
8 12 16 17 18 #SUP: 2946
8 12 16 17 21 #SUP: 2656
8 12 16 17 24 #SUP: 2921
8 12 16 17 29 #SUP: 2623
8 12 16 17 31 #SUP: 2795
8 12 16 17 43 #SUP: 2599
8 12 16 17 66 #SUP: 2641
8 12 16 18 21 #SUP: 2650
8 12 16 18 24 #SUP: 2915
8 12 16 18 29 #SUP: 2617
8 12 16 18 31 #SUP: 2790
8 12 16 18 43 #SUP: 2595
8 12 16 18 66 #SUP: 2635
8 12 16 21 24 #SUP: 2627
8 12 16 24 29 #SUP: 2596
8 12 16 24 31 #SUP: 2766
8 12 16 24 43 #SUP: 2571
8 12 16 24 66 #SUP: 2613
8 12 17 18 21 #SUP: 2709
8 12 17 18 24 #SUP: 2984
8 12 17 18 27 #SUP: 2559
8 12 17 18 29 #SUP: 2681
8 12 17 18 31 #SUP: 2838
8 12 17 18 43 #SUP: 2649
8 12 17 18 66 #SUP: 2704
8 12 17 21 24 #SUP: 2686
8 12 17 21 31 #SUP: 2561
8 12 17 24 29 #SUP: 2660
8 12 17 24 31 #SUP: 2814
8 12 17 24 43 #SUP: 2625
8 12 17 24 66 #SUP: 2682
8 12 17 31 66 #SUP: 2551
8 12 18 21 24 #SUP: 2680
8 12 18 21 31 #SUP: 2556
8 12 18 24 29 #SUP: 2654
8 12 18 24 31 #SUP: 2809
8 12 18 24 43 #SUP: 2621
8 12 18 24 66 #SUP: 2676
8 12 18 31 66 #SUP: 2546
8 16 17 18 21 #SUP: 2655
8 16 17 18 24 #SUP: 2920
8 16 17 18 29 #SUP: 2622
8 16 17 18 31 #SUP: 2794
8 16 17 18 43 #SUP: 2599
8 16 17 18 66 #SUP: 2640
8 16 17 21 24 #SUP: 2633
8 16 17 24 29 #SUP: 2602
8 16 17 24 31 #SUP: 2771
8 16 17 24 43 #SUP: 2576
8 16 17 24 66 #SUP: 2619
8 16 18 21 24 #SUP: 2626
8 16 18 24 29 #SUP: 2595
8 16 18 24 31 #SUP: 2765
8 16 18 24 43 #SUP: 2571
8 16 18 24 66 #SUP: 2612
8 17 18 21 24 #SUP: 2686
8 17 18 21 31 #SUP: 2561
8 17 18 24 29 #SUP: 2660
8 17 18 24 31 #SUP: 2814
8 17 18 24 43 #SUP: 2626
8 17 18 24 66 #SUP: 2682
8 17 18 31 66 #SUP: 2551
8 17 21 24 31 #SUP: 2546
12 14 16 17 18 #SUP: 2624
12 15 16 17 18 #SUP: 3220
12 15 16 17 21 #SUP: 2930
12 15 16 17 24 #SUP: 2621
12 15 16 17 27 #SUP: 2802
12 15 16 17 29 #SUP: 2841
12 15 16 17 31 #SUP: 3066
12 15 16 17 41 #SUP: 2556
12 15 16 17 43 #SUP: 2811
12 15 16 17 66 #SUP: 2888
12 15 16 18 21 #SUP: 2924
12 15 16 18 24 #SUP: 2616
12 15 16 18 27 #SUP: 2797
12 15 16 18 29 #SUP: 2835
12 15 16 18 31 #SUP: 3061
12 15 16 18 41 #SUP: 2551
12 15 16 18 43 #SUP: 2807
12 15 16 18 66 #SUP: 2882
12 15 16 21 27 #SUP: 2701
12 15 16 21 29 #SUP: 2616
12 15 16 21 31 #SUP: 2797
12 15 16 21 43 #SUP: 2556
12 15 16 21 66 #SUP: 2635
12 15 16 27 31 #SUP: 2668
12 15 16 29 31 #SUP: 2700
12 15 16 31 43 #SUP: 2671
12 15 16 31 66 #SUP: 2748
12 15 17 18 21 #SUP: 2993
12 15 17 18 24 #SUP: 2682
12 15 17 18 27 #SUP: 2860
12 15 17 18 28 #SUP: 2560
12 15 17 18 29 #SUP: 2908
12 15 17 18 31 #SUP: 3112
12 15 17 18 41 #SUP: 2602
12 15 17 18 43 #SUP: 2872
12 15 17 18 66 #SUP: 2962
12 15 17 21 27 #SUP: 2758
12 15 17 21 29 #SUP: 2679
12 15 17 21 31 #SUP: 2841
12 15 17 21 43 #SUP: 2611
12 15 17 21 66 #SUP: 2704
12 15 17 24 31 #SUP: 2548
12 15 17 27 31 #SUP: 2711
12 15 17 27 66 #SUP: 2579
12 15 17 29 31 #SUP: 2749
12 15 17 29 66 #SUP: 2618
12 15 17 31 43 #SUP: 2713
12 15 17 31 66 #SUP: 2799
12 15 17 43 66 #SUP: 2583
12 15 18 21 27 #SUP: 2753
12 15 18 21 29 #SUP: 2673
12 15 18 21 31 #SUP: 2836
12 15 18 21 43 #SUP: 2607
12 15 18 21 66 #SUP: 2698
12 15 18 27 31 #SUP: 2707
12 15 18 27 66 #SUP: 2574
12 15 18 29 31 #SUP: 2744
12 15 18 29 66 #SUP: 2612
12 15 18 31 43 #SUP: 2710
12 15 18 31 66 #SUP: 2794
12 15 18 43 66 #SUP: 2579
12 15 21 27 31 #SUP: 2613
12 15 21 31 66 #SUP: 2559
12 16 17 18 21 #SUP: 3725
12 16 17 18 22 #SUP: 2750
12 16 17 18 24 #SUP: 3376
12 16 17 18 25 #SUP: 3107
12 16 17 18 27 #SUP: 3529
12 16 17 18 28 #SUP: 3150
12 16 17 18 29 #SUP: 3623
12 16 17 18 31 #SUP: 3879
12 16 17 18 41 #SUP: 3208
12 16 17 18 43 #SUP: 3582
12 16 17 18 59 #SUP: 3059
12 16 17 18 63 #SUP: 2603
12 16 17 18 66 #SUP: 3724
12 16 17 21 24 #SUP: 3062
12 16 17 21 25 #SUP: 2755
12 16 17 21 27 #SUP: 3411
12 16 17 21 28 #SUP: 2818
12 16 17 21 29 #SUP: 3338
12 16 17 21 31 #SUP: 3535
12 16 17 21 41 #SUP: 2937
12 16 17 21 43 #SUP: 3247
12 16 17 21 59 #SUP: 2822
12 16 17 21 66 #SUP: 3393
12 16 17 22 31 #SUP: 2649
12 16 17 24 25 #SUP: 2570
12 16 17 24 27 #SUP: 2895
12 16 17 24 28 #SUP: 2584
12 16 17 24 29 #SUP: 2995
12 16 17 24 31 #SUP: 3202
12 16 17 24 41 #SUP: 2651
12 16 17 24 43 #SUP: 2968
12 16 17 24 59 #SUP: 2547
12 16 17 24 66 #SUP: 3045
12 16 17 25 27 #SUP: 2595
12 16 17 25 29 #SUP: 2707
12 16 17 25 31 #SUP: 2914
12 16 17 25 43 #SUP: 2737
12 16 17 25 66 #SUP: 2799
12 16 17 27 28 #SUP: 2665
12 16 17 27 29 #SUP: 3133
12 16 17 27 31 #SUP: 3339
12 16 17 27 41 #SUP: 2792
12 16 17 27 43 #SUP: 3086
12 16 17 27 59 #SUP: 2695
12 16 17 27 66 #SUP: 3210
12 16 17 28 29 #SUP: 2736
12 16 17 28 31 #SUP: 3025
12 16 17 28 43 #SUP: 2760
12 16 17 28 66 #SUP: 2803
12 16 17 29 31 #SUP: 3419
12 16 17 29 41 #SUP: 2861
12 16 17 29 43 #SUP: 3164
12 16 17 29 59 #SUP: 2725
12 16 17 29 66 #SUP: 3290
12 16 17 31 41 #SUP: 3123
12 16 17 31 43 #SUP: 3388
12 16 17 31 59 #SUP: 3001
12 16 17 31 66 #SUP: 3519
12 16 17 41 43 #SUP: 2819
12 16 17 41 59 #SUP: 2681
12 16 17 41 66 #SUP: 2902
12 16 17 43 59 #SUP: 2754
12 16 17 43 66 #SUP: 3250
12 16 17 59 66 #SUP: 2752
12 16 18 21 24 #SUP: 3055
12 16 18 21 25 #SUP: 2750
12 16 18 21 27 #SUP: 3404
12 16 18 21 28 #SUP: 2810
12 16 18 21 29 #SUP: 3330
12 16 18 21 31 #SUP: 3528
12 16 18 21 41 #SUP: 2930
12 16 18 21 43 #SUP: 3242
12 16 18 21 59 #SUP: 2815
12 16 18 21 66 #SUP: 3385
12 16 18 22 31 #SUP: 2645
12 16 18 24 25 #SUP: 2566
12 16 18 24 27 #SUP: 2889
12 16 18 24 28 #SUP: 2577
12 16 18 24 29 #SUP: 2988
12 16 18 24 31 #SUP: 3196
12 16 18 24 41 #SUP: 2645
12 16 18 24 43 #SUP: 2964
12 16 18 24 66 #SUP: 3038
12 16 18 25 27 #SUP: 2591
12 16 18 25 29 #SUP: 2702
12 16 18 25 31 #SUP: 2910
12 16 18 25 43 #SUP: 2734
12 16 18 25 66 #SUP: 2794
12 16 18 27 28 #SUP: 2658
12 16 18 27 29 #SUP: 3126
12 16 18 27 31 #SUP: 3333
12 16 18 27 41 #SUP: 2786
12 16 18 27 43 #SUP: 3082
12 16 18 27 59 #SUP: 2689
12 16 18 27 66 #SUP: 3203
12 16 18 28 29 #SUP: 2728
12 16 18 28 31 #SUP: 3018
12 16 18 28 43 #SUP: 2755
12 16 18 28 66 #SUP: 2795
12 16 18 29 31 #SUP: 3412
12 16 18 29 41 #SUP: 2854
12 16 18 29 43 #SUP: 3159
12 16 18 29 59 #SUP: 2718
12 16 18 29 66 #SUP: 3282
12 16 18 31 41 #SUP: 3116
12 16 18 31 43 #SUP: 3384
12 16 18 31 59 #SUP: 2994
12 16 18 31 66 #SUP: 3512
12 16 18 41 43 #SUP: 2815
12 16 18 41 59 #SUP: 2674
12 16 18 41 66 #SUP: 2895
12 16 18 43 59 #SUP: 2750
12 16 18 43 66 #SUP: 3245
12 16 18 59 66 #SUP: 2745
12 16 21 24 27 #SUP: 2803
12 16 21 24 29 #SUP: 2757
12 16 21 24 31 #SUP: 2904
12 16 21 24 43 #SUP: 2688
12 16 21 24 66 #SUP: 2769
12 16 21 25 31 #SUP: 2590
12 16 21 27 28 #SUP: 2556
12 16 21 27 29 #SUP: 3033
12 16 21 27 31 #SUP: 3230
12 16 21 27 41 #SUP: 2703
12 16 21 27 43 #SUP: 2979
12 16 21 27 59 #SUP: 2598
12 16 21 27 66 #SUP: 3100
12 16 21 28 31 #SUP: 2711
12 16 21 29 31 #SUP: 3156
12 16 21 29 41 #SUP: 2647
12 16 21 29 43 #SUP: 2910
12 16 21 29 66 #SUP: 3036
12 16 21 31 41 #SUP: 2862
12 16 21 31 43 #SUP: 3081
12 16 21 31 59 #SUP: 2771
12 16 21 31 66 #SUP: 3211
12 16 21 41 43 #SUP: 2573
12 16 21 41 66 #SUP: 2665
12 16 21 43 66 #SUP: 2952
12 16 24 27 29 #SUP: 2577
12 16 24 27 31 #SUP: 2740
12 16 24 27 43 #SUP: 2548
12 16 24 27 66 #SUP: 2618
12 16 24 29 31 #SUP: 2829
12 16 24 29 43 #SUP: 2629
12 16 24 29 66 #SUP: 2699
12 16 24 31 41 #SUP: 2590
12 16 24 31 43 #SUP: 2814
12 16 24 31 66 #SUP: 2883
12 16 24 43 66 #SUP: 2676
12 16 25 31 43 #SUP: 2569
12 16 25 31 66 #SUP: 2620
12 16 27 28 31 #SUP: 2557
12 16 27 29 31 #SUP: 2951
12 16 27 29 43 #SUP: 2737
12 16 27 29 66 #SUP: 2845
12 16 27 31 41 #SUP: 2717
12 16 27 31 43 #SUP: 2922
12 16 27 31 59 #SUP: 2640
12 16 27 31 66 #SUP: 3031
12 16 27 43 66 #SUP: 2804
12 16 28 29 31 #SUP: 2620
12 16 28 31 43 #SUP: 2648
12 16 28 31 66 #SUP: 2687
12 16 29 31 41 #SUP: 2779
12 16 29 31 43 #SUP: 2984
12 16 29 31 59 #SUP: 2666
12 16 29 31 66 #SUP: 3100
12 16 29 41 66 #SUP: 2586
12 16 29 43 66 #SUP: 2870
12 16 31 41 43 #SUP: 2748
12 16 31 41 59 #SUP: 2628
12 16 31 41 66 #SUP: 2820
12 16 31 43 59 #SUP: 2700
12 16 31 43 66 #SUP: 3071
12 16 31 59 66 #SUP: 2696
12 16 41 43 66 #SUP: 2546
12 17 18 21 24 #SUP: 3130
12 17 18 21 25 #SUP: 2816
12 17 18 21 27 #SUP: 3484
12 17 18 21 28 #SUP: 2899
12 17 18 21 29 #SUP: 3417
12 17 18 21 31 #SUP: 3589
12 17 18 21 41 #SUP: 2990
12 17 18 21 43 #SUP: 3317
12 17 18 21 59 #SUP: 2862
12 17 18 21 66 #SUP: 3478
12 17 18 22 31 #SUP: 2680
12 17 18 24 25 #SUP: 2628
12 17 18 24 27 #SUP: 2961
12 17 18 24 28 #SUP: 2660
12 17 18 24 29 #SUP: 3070
12 17 18 24 31 #SUP: 3255
12 17 18 24 41 #SUP: 2701
12 17 18 24 43 #SUP: 3034
12 17 18 24 59 #SUP: 2586
12 17 18 24 66 #SUP: 3125
12 17 18 25 27 #SUP: 2653
12 17 18 25 28 #SUP: 2546
12 17 18 25 29 #SUP: 2773
12 17 18 25 31 #SUP: 2960
12 17 18 25 43 #SUP: 2796
12 17 18 25 66 #SUP: 2871
12 17 18 27 28 #SUP: 2742
12 17 18 27 29 #SUP: 3208
12 17 18 27 31 #SUP: 3393
12 17 18 27 41 #SUP: 2843
12 17 18 27 43 #SUP: 3151
12 17 18 27 59 #SUP: 2736
12 17 18 27 66 #SUP: 3291
12 17 18 28 29 #SUP: 2823
12 17 18 28 31 #SUP: 3083
12 17 18 28 41 #SUP: 2587
12 17 18 28 43 #SUP: 2838
12 17 18 28 66 #SUP: 2897
12 17 18 29 31 #SUP: 3479
12 17 18 29 41 #SUP: 2919
12 17 18 29 43 #SUP: 3240
12 17 18 29 59 #SUP: 2769
12 17 18 29 66 #SUP: 3381
12 17 18 31 41 #SUP: 3167
12 17 18 31 43 #SUP: 3439
12 17 18 31 59 #SUP: 3040
12 17 18 31 66 #SUP: 3581
12 17 18 41 43 #SUP: 2868
12 17 18 41 59 #SUP: 2723
12 17 18 41 66 #SUP: 2963
12 17 18 43 59 #SUP: 2790
12 17 18 43 66 #SUP: 3331
12 17 18 59 66 #SUP: 2798
12 17 21 24 27 #SUP: 2867
12 17 21 24 29 #SUP: 2828
12 17 21 24 31 #SUP: 2955
12 17 21 24 43 #SUP: 2748
12 17 21 24 66 #SUP: 2844
12 17 21 25 31 #SUP: 2633
12 17 21 25 66 #SUP: 2555
12 17 21 27 28 #SUP: 2632
12 17 21 27 29 #SUP: 3107
12 17 21 27 31 #SUP: 3283
12 17 21 27 41 #SUP: 2755
12 17 21 27 43 #SUP: 3042
12 17 21 27 59 #SUP: 2640
12 17 21 27 66 #SUP: 3180
12 17 21 28 29 #SUP: 2572
12 17 21 28 31 #SUP: 2768
12 17 21 28 66 #SUP: 2598
12 17 21 29 31 #SUP: 3215
12 17 21 29 41 #SUP: 2705
12 17 21 29 43 #SUP: 2981
12 17 21 29 59 #SUP: 2586
12 17 21 29 66 #SUP: 3123
12 17 21 31 41 #SUP: 2908
12 17 21 31 43 #SUP: 3130
12 17 21 31 59 #SUP: 2811
12 17 21 31 66 #SUP: 3272
12 17 21 41 43 #SUP: 2619
12 17 21 41 66 #SUP: 2725
12 17 21 43 59 #SUP: 2569
12 17 21 43 66 #SUP: 3027
12 17 21 59 66 #SUP: 2589
12 17 24 27 29 #SUP: 2645
12 17 24 27 31 #SUP: 2791
12 17 24 27 43 #SUP: 2604
12 17 24 27 66 #SUP: 2690
12 17 24 28 31 #SUP: 2550
12 17 24 29 31 #SUP: 2887
12 17 24 29 43 #SUP: 2695
12 17 24 29 66 #SUP: 2781
12 17 24 31 41 #SUP: 2633
12 17 24 31 43 #SUP: 2860
12 17 24 31 59 #SUP: 2546
12 17 24 31 66 #SUP: 2942
12 17 24 43 66 #SUP: 2746
12 17 25 29 31 #SUP: 2579
12 17 25 31 43 #SUP: 2610
12 17 25 31 66 #SUP: 2670
12 17 27 28 31 #SUP: 2613
12 17 27 29 31 #SUP: 3009
12 17 27 29 41 #SUP: 2548
12 17 27 29 43 #SUP: 2802
12 17 27 29 66 #SUP: 2927
12 17 27 31 41 #SUP: 2760
12 17 27 31 43 #SUP: 2969
12 17 27 31 59 #SUP: 2680
12 17 27 31 66 #SUP: 3091
12 17 27 41 66 #SUP: 2587
12 17 27 43 66 #SUP: 2873
12 17 28 29 31 #SUP: 2683
12 17 28 31 43 #SUP: 2700
12 17 28 31 66 #SUP: 2752
12 17 29 31 41 #SUP: 2829
12 17 29 31 43 #SUP: 3037
12 17 29 31 59 #SUP: 2711
12 17 29 31 66 #SUP: 3167
12 17 29 41 43 #SUP: 2564
12 17 29 41 66 #SUP: 2651
12 17 29 43 66 #SUP: 2951
12 17 31 41 43 #SUP: 2787
12 17 31 41 59 #SUP: 2671
12 17 31 41 66 #SUP: 2871
12 17 31 43 59 #SUP: 2734
12 17 31 43 66 #SUP: 3126
12 17 31 59 66 #SUP: 2742
12 17 41 43 66 #SUP: 2599
12 18 21 24 27 #SUP: 2861
12 18 21 24 29 #SUP: 2821
12 18 21 24 31 #SUP: 2949
12 18 21 24 43 #SUP: 2744
12 18 21 24 66 #SUP: 2837
12 18 21 25 31 #SUP: 2629
12 18 21 25 66 #SUP: 2550
12 18 21 27 28 #SUP: 2625
12 18 21 27 29 #SUP: 3100
12 18 21 27 31 #SUP: 3277
12 18 21 27 41 #SUP: 2749
12 18 21 27 43 #SUP: 3038
12 18 21 27 59 #SUP: 2634
12 18 21 27 66 #SUP: 3173
12 18 21 28 29 #SUP: 2564
12 18 21 28 31 #SUP: 2761
12 18 21 28 66 #SUP: 2590
12 18 21 29 31 #SUP: 3208
12 18 21 29 41 #SUP: 2698
12 18 21 29 43 #SUP: 2976
12 18 21 29 59 #SUP: 2579
12 18 21 29 66 #SUP: 3115
12 18 21 31 41 #SUP: 2901
12 18 21 31 43 #SUP: 3126
12 18 21 31 59 #SUP: 2804
12 18 21 31 66 #SUP: 3265
12 18 21 41 43 #SUP: 2615
12 18 21 41 66 #SUP: 2718
12 18 21 43 59 #SUP: 2565
12 18 21 43 66 #SUP: 3022
12 18 21 59 66 #SUP: 2582
12 18 24 27 29 #SUP: 2639
12 18 24 27 31 #SUP: 2786
12 18 24 27 43 #SUP: 2601
12 18 24 27 66 #SUP: 2684
12 18 24 29 31 #SUP: 2881
12 18 24 29 43 #SUP: 2691
12 18 24 29 66 #SUP: 2774
12 18 24 31 41 #SUP: 2627
12 18 24 31 43 #SUP: 2857
12 18 24 31 66 #SUP: 2936
12 18 24 43 66 #SUP: 2742
12 18 25 29 31 #SUP: 2575
12 18 25 31 43 #SUP: 2608
12 18 25 31 66 #SUP: 2666
12 18 27 28 31 #SUP: 2607
12 18 27 29 31 #SUP: 3003
12 18 27 29 43 #SUP: 2798
12 18 27 29 66 #SUP: 2920
12 18 27 31 41 #SUP: 2754
12 18 27 31 43 #SUP: 2966
12 18 27 31 59 #SUP: 2674
12 18 27 31 66 #SUP: 3085
12 18 27 41 66 #SUP: 2581
12 18 27 43 66 #SUP: 2869
12 18 28 29 31 #SUP: 2676
12 18 28 31 43 #SUP: 2696
12 18 28 31 66 #SUP: 2745
12 18 29 31 41 #SUP: 2822
12 18 29 31 43 #SUP: 3033
12 18 29 31 59 #SUP: 2704
12 18 29 31 66 #SUP: 3160
12 18 29 41 43 #SUP: 2560
12 18 29 41 66 #SUP: 2644
12 18 29 43 66 #SUP: 2946
12 18 31 41 43 #SUP: 2783
12 18 31 41 59 #SUP: 2664
12 18 31 41 66 #SUP: 2864
12 18 31 43 59 #SUP: 2730
12 18 31 43 66 #SUP: 3122
12 18 31 59 66 #SUP: 2735
12 18 41 43 66 #SUP: 2595
12 21 24 27 29 #SUP: 2568
12 21 24 27 31 #SUP: 2699
12 21 24 27 66 #SUP: 2601
12 21 24 29 31 #SUP: 2659
12 21 24 29 66 #SUP: 2566
12 21 24 31 43 #SUP: 2592
12 21 24 31 66 #SUP: 2676
12 21 27 29 31 #SUP: 2917
12 21 27 29 43 #SUP: 2712
12 21 27 29 66 #SUP: 2832
12 21 27 31 41 #SUP: 2673
12 21 27 31 43 #SUP: 2870
12 21 27 31 59 #SUP: 2584
12 21 27 31 66 #SUP: 2988
12 21 27 43 66 #SUP: 2772
12 21 29 31 41 #SUP: 2622
12 21 29 31 43 #SUP: 2803
12 21 29 31 66 #SUP: 2929
12 21 29 43 66 #SUP: 2719
12 21 31 41 43 #SUP: 2553
12 21 31 41 66 #SUP: 2642
12 21 31 43 66 #SUP: 2849
12 24 29 31 66 #SUP: 2609
12 24 31 43 66 #SUP: 2585
12 27 29 31 43 #SUP: 2630
12 27 29 31 66 #SUP: 2739
12 27 29 43 66 #SUP: 2553
12 27 31 43 66 #SUP: 2702
12 29 31 41 66 #SUP: 2563
12 29 31 43 66 #SUP: 2762
15 16 17 18 21 #SUP: 2929
15 16 17 18 24 #SUP: 2621
15 16 17 18 27 #SUP: 2800
15 16 17 18 29 #SUP: 2840
15 16 17 18 31 #SUP: 3065
15 16 17 18 41 #SUP: 2553
15 16 17 18 43 #SUP: 2811
15 16 17 18 66 #SUP: 2887
15 16 17 21 27 #SUP: 2705
15 16 17 21 29 #SUP: 2622
15 16 17 21 31 #SUP: 2802
15 16 17 21 43 #SUP: 2561
15 16 17 21 66 #SUP: 2641
15 16 17 27 31 #SUP: 2671
15 16 17 29 31 #SUP: 2705
15 16 17 29 66 #SUP: 2551
15 16 17 31 43 #SUP: 2675
15 16 17 31 66 #SUP: 2753
15 16 18 21 27 #SUP: 2699
15 16 18 21 29 #SUP: 2615
15 16 18 21 31 #SUP: 2796
15 16 18 21 43 #SUP: 2556
15 16 18 21 66 #SUP: 2634
15 16 18 27 31 #SUP: 2666
15 16 18 29 31 #SUP: 2699
15 16 18 31 43 #SUP: 2671
15 16 18 31 66 #SUP: 2747
15 16 21 27 31 #SUP: 2579
15 17 18 21 27 #SUP: 2756
15 17 18 21 29 #SUP: 2678
15 17 18 21 31 #SUP: 2840
15 17 18 21 43 #SUP: 2611
15 17 18 21 66 #SUP: 2703
15 17 18 24 31 #SUP: 2548
15 17 18 27 31 #SUP: 2709
15 17 18 27 66 #SUP: 2577
15 17 18 29 31 #SUP: 2748
15 17 18 29 66 #SUP: 2617
15 17 18 31 43 #SUP: 2713
15 17 18 31 66 #SUP: 2798
15 17 18 43 66 #SUP: 2583
15 17 21 27 31 #SUP: 2623
15 17 21 29 31 #SUP: 2548
15 17 21 31 66 #SUP: 2571
15 18 21 27 31 #SUP: 2611
15 18 21 31 66 #SUP: 2558
16 17 18 21 24 #SUP: 3060
16 17 18 21 25 #SUP: 2754
16 17 18 21 27 #SUP: 3407
16 17 18 21 28 #SUP: 2813
16 17 18 21 29 #SUP: 3335
16 17 18 21 31 #SUP: 3532
16 17 18 21 41 #SUP: 2932
16 17 18 21 43 #SUP: 3246
16 17 18 21 59 #SUP: 2817
16 17 18 21 66 #SUP: 3390
16 17 18 22 31 #SUP: 2646
16 17 18 24 25 #SUP: 2570
16 17 18 24 27 #SUP: 2892
16 17 18 24 28 #SUP: 2580
16 17 18 24 29 #SUP: 2993
16 17 18 24 31 #SUP: 3200
16 17 18 24 41 #SUP: 2647
16 17 18 24 43 #SUP: 2968
16 17 18 24 66 #SUP: 3043
16 17 18 25 27 #SUP: 2593
16 17 18 25 29 #SUP: 2706
16 17 18 25 31 #SUP: 2913
16 17 18 25 43 #SUP: 2737
16 17 18 25 66 #SUP: 2798
16 17 18 27 28 #SUP: 2660
16 17 18 27 29 #SUP: 3129
16 17 18 27 31 #SUP: 3335
16 17 18 27 41 #SUP: 2786
16 17 18 27 43 #SUP: 3085
16 17 18 27 59 #SUP: 2690
16 17 18 27 66 #SUP: 3206
16 17 18 28 29 #SUP: 2731
16 17 18 28 31 #SUP: 3020
16 17 18 28 43 #SUP: 2757
16 17 18 28 66 #SUP: 2798
16 17 18 29 31 #SUP: 3416
16 17 18 29 41 #SUP: 2856
16 17 18 29 43 #SUP: 3163
16 17 18 29 59 #SUP: 2720
16 17 18 29 66 #SUP: 3287
16 17 18 31 41 #SUP: 3118
16 17 18 31 43 #SUP: 3387
16 17 18 31 59 #SUP: 2996
16 17 18 31 66 #SUP: 3516
16 17 18 41 43 #SUP: 2816
16 17 18 41 59 #SUP: 2675
16 17 18 41 66 #SUP: 2897
16 17 18 43 59 #SUP: 2752
16 17 18 43 66 #SUP: 3249
16 17 18 59 66 #SUP: 2747
16 17 21 24 27 #SUP: 2807
16 17 21 24 29 #SUP: 2763
16 17 21 24 31 #SUP: 2909
16 17 21 24 43 #SUP: 2693
16 17 21 24 66 #SUP: 2775
16 17 21 25 31 #SUP: 2594
16 17 21 27 28 #SUP: 2558
16 17 21 27 29 #SUP: 3037
16 17 21 27 31 #SUP: 3233
16 17 21 27 41 #SUP: 2704
16 17 21 27 43 #SUP: 2983
16 17 21 27 59 #SUP: 2599
16 17 21 27 66 #SUP: 3104
16 17 21 28 31 #SUP: 2713
16 17 21 29 31 #SUP: 3161
16 17 21 29 41 #SUP: 2650
16 17 21 29 43 #SUP: 2915
16 17 21 29 66 #SUP: 3042
16 17 21 31 41 #SUP: 2865
16 17 21 31 43 #SUP: 3085
16 17 21 31 59 #SUP: 2773
16 17 21 31 66 #SUP: 3216
16 17 21 41 43 #SUP: 2575
16 17 21 41 66 #SUP: 2668
16 17 21 43 66 #SUP: 2957
16 17 24 27 29 #SUP: 2581
16 17 24 27 31 #SUP: 2743
16 17 24 27 43 #SUP: 2552
16 17 24 27 66 #SUP: 2622
16 17 24 29 31 #SUP: 2834
16 17 24 29 43 #SUP: 2634
16 17 24 29 66 #SUP: 2705
16 17 24 31 41 #SUP: 2593
16 17 24 31 43 #SUP: 2818
16 17 24 31 66 #SUP: 2888
16 17 24 43 66 #SUP: 2681
16 17 25 31 43 #SUP: 2572
16 17 25 31 66 #SUP: 2624
16 17 27 28 31 #SUP: 2558
16 17 27 29 31 #SUP: 2954
16 17 27 29 43 #SUP: 2741
16 17 27 29 66 #SUP: 2849
16 17 27 31 41 #SUP: 2718
16 17 27 31 43 #SUP: 2925
16 17 27 31 59 #SUP: 2641
16 17 27 31 66 #SUP: 3034
16 17 27 43 66 #SUP: 2808
16 17 28 29 31 #SUP: 2622
16 17 28 31 43 #SUP: 2649
16 17 28 31 66 #SUP: 2689
16 17 29 31 41 #SUP: 2782
16 17 29 31 43 #SUP: 2988
16 17 29 31 59 #SUP: 2668
16 17 29 31 66 #SUP: 3105
16 17 29 41 66 #SUP: 2589
16 17 29 43 66 #SUP: 2875
16 17 31 41 43 #SUP: 2750
16 17 31 41 59 #SUP: 2629
16 17 31 41 66 #SUP: 2823
16 17 31 43 59 #SUP: 2702
16 17 31 43 66 #SUP: 3075
16 17 31 59 66 #SUP: 2698
16 17 41 43 66 #SUP: 2548
16 18 21 24 27 #SUP: 2800
16 18 21 24 29 #SUP: 2755
16 18 21 24 31 #SUP: 2902
16 18 21 24 43 #SUP: 2688
16 18 21 24 66 #SUP: 2767
16 18 21 25 31 #SUP: 2589
16 18 21 27 28 #SUP: 2551
16 18 21 27 29 #SUP: 3029
16 18 21 27 31 #SUP: 3226
16 18 21 27 41 #SUP: 2697
16 18 21 27 43 #SUP: 2978
16 18 21 27 59 #SUP: 2593
16 18 21 27 66 #SUP: 3096
16 18 21 28 31 #SUP: 2706
16 18 21 29 31 #SUP: 3153
16 18 21 29 41 #SUP: 2642
16 18 21 29 43 #SUP: 2909
16 18 21 29 66 #SUP: 3033
16 18 21 31 41 #SUP: 2857
16 18 21 31 43 #SUP: 3080
16 18 21 31 59 #SUP: 2766
16 18 21 31 66 #SUP: 3208
16 18 21 41 43 #SUP: 2570
16 18 21 41 66 #SUP: 2660
16 18 21 43 66 #SUP: 2951
16 18 24 27 29 #SUP: 2574
16 18 24 27 31 #SUP: 2737
16 18 24 27 43 #SUP: 2548
16 18 24 27 66 #SUP: 2615
16 18 24 29 31 #SUP: 2827
16 18 24 29 43 #SUP: 2629
16 18 24 29 66 #SUP: 2697
16 18 24 31 41 #SUP: 2586
16 18 24 31 43 #SUP: 2814
16 18 24 31 66 #SUP: 2881
16 18 24 43 66 #SUP: 2676
16 18 25 31 43 #SUP: 2569
16 18 25 31 66 #SUP: 2619
16 18 27 28 31 #SUP: 2552
16 18 27 29 31 #SUP: 2947
16 18 27 29 43 #SUP: 2736
16 18 27 29 66 #SUP: 2841
16 18 27 31 41 #SUP: 2711
16 18 27 31 43 #SUP: 2921
16 18 27 31 59 #SUP: 2635
16 18 27 31 66 #SUP: 3027
16 18 27 43 66 #SUP: 2803
16 18 28 29 31 #SUP: 2615
16 18 28 31 43 #SUP: 2645
16 18 28 31 66 #SUP: 2682
16 18 29 31 41 #SUP: 2774
16 18 29 31 43 #SUP: 2983
16 18 29 31 59 #SUP: 2661
16 18 29 31 66 #SUP: 3097
16 18 29 41 66 #SUP: 2581
16 18 29 43 66 #SUP: 2869
16 18 31 41 43 #SUP: 2745
16 18 31 41 59 #SUP: 2622
16 18 31 41 66 #SUP: 2815
16 18 31 43 59 #SUP: 2698
16 18 31 43 66 #SUP: 3070
16 18 31 59 66 #SUP: 2691
16 21 24 27 31 #SUP: 2658
16 21 24 29 31 #SUP: 2614
16 21 24 31 43 #SUP: 2556
16 21 24 31 66 #SUP: 2630
16 21 27 29 31 #SUP: 2869
16 21 27 29 43 #SUP: 2657
16 21 27 29 66 #SUP: 2762
16 21 27 31 41 #SUP: 2635
16 21 27 31 43 #SUP: 2831
16 21 27 31 59 #SUP: 2550
16 21 27 31 66 #SUP: 2938
16 21 27 43 66 #SUP: 2713
16 21 29 31 41 #SUP: 2580
16 21 29 31 43 #SUP: 2760
16 21 29 31 66 #SUP: 2875
16 21 29 43 66 #SUP: 2653
16 21 31 41 66 #SUP: 2599
16 21 31 43 66 #SUP: 2804
16 24 29 31 66 #SUP: 2556
16 27 29 31 43 #SUP: 2588
16 27 29 31 66 #SUP: 2684
16 27 31 43 66 #SUP: 2658
16 29 31 43 66 #SUP: 2713
17 18 21 24 27 #SUP: 2865
17 18 21 24 29 #SUP: 2827
17 18 21 24 31 #SUP: 2954
17 18 21 24 43 #SUP: 2749
17 18 21 24 66 #SUP: 2843
17 18 21 25 31 #SUP: 2633
17 18 21 25 66 #SUP: 2555
17 18 21 27 28 #SUP: 2628
17 18 21 27 29 #SUP: 3104
17 18 21 27 31 #SUP: 3280
17 18 21 27 41 #SUP: 2749
17 18 21 27 43 #SUP: 3042
17 18 21 27 59 #SUP: 2636
17 18 21 27 66 #SUP: 3177
17 18 21 28 29 #SUP: 2568
17 18 21 28 31 #SUP: 2764
17 18 21 28 66 #SUP: 2594
17 18 21 29 31 #SUP: 3213
17 18 21 29 41 #SUP: 2700
17 18 21 29 43 #SUP: 2981
17 18 21 29 59 #SUP: 2582
17 18 21 29 66 #SUP: 3121
17 18 21 31 41 #SUP: 2903
17 18 21 31 43 #SUP: 3130
17 18 21 31 59 #SUP: 2807
17 18 21 31 66 #SUP: 3270
17 18 21 41 43 #SUP: 2616
17 18 21 41 66 #SUP: 2720
17 18 21 43 59 #SUP: 2568
17 18 21 43 66 #SUP: 3027
17 18 21 59 66 #SUP: 2585
17 18 24 27 29 #SUP: 2643
17 18 24 27 31 #SUP: 2789
17 18 24 27 43 #SUP: 2605
17 18 24 27 66 #SUP: 2688
17 18 24 28 31 #SUP: 2547
17 18 24 29 31 #SUP: 2886
17 18 24 29 43 #SUP: 2696
17 18 24 29 66 #SUP: 2780
17 18 24 31 41 #SUP: 2629
17 18 24 31 43 #SUP: 2861
17 18 24 31 66 #SUP: 2941
17 18 24 43 66 #SUP: 2747
17 18 25 29 31 #SUP: 2579
17 18 25 31 43 #SUP: 2611
17 18 25 31 66 #SUP: 2670
17 18 27 28 31 #SUP: 2609
17 18 27 29 31 #SUP: 3006
17 18 27 29 43 #SUP: 2802
17 18 27 29 66 #SUP: 2924
17 18 27 31 41 #SUP: 2754
17 18 27 31 43 #SUP: 2969
17 18 27 31 59 #SUP: 2676
17 18 27 31 66 #SUP: 3088
17 18 27 41 66 #SUP: 2581
17 18 27 43 66 #SUP: 2873
17 18 28 29 31 #SUP: 2679
17 18 28 31 43 #SUP: 2698
17 18 28 31 66 #SUP: 2748
17 18 29 31 41 #SUP: 2824
17 18 29 31 43 #SUP: 3037
17 18 29 31 59 #SUP: 2707
17 18 29 31 66 #SUP: 3165
17 18 29 41 43 #SUP: 2561
17 18 29 41 66 #SUP: 2646
17 18 29 43 66 #SUP: 2951
17 18 31 41 43 #SUP: 2784
17 18 31 41 59 #SUP: 2665
17 18 31 41 66 #SUP: 2866
17 18 31 43 59 #SUP: 2733
17 18 31 43 66 #SUP: 3126
17 18 31 59 66 #SUP: 2738
17 18 41 43 66 #SUP: 2596
17 21 24 27 29 #SUP: 2579
17 21 24 27 31 #SUP: 2709
17 21 24 27 66 #SUP: 2612
17 21 24 29 31 #SUP: 2671
17 21 24 29 66 #SUP: 2579
17 21 24 31 43 #SUP: 2602
17 21 24 31 66 #SUP: 2688
17 21 27 29 31 #SUP: 2927
17 21 27 29 43 #SUP: 2722
17 21 27 29 66 #SUP: 2843
17 21 27 31 41 #SUP: 2680
17 21 27 31 43 #SUP: 2880
17 21 27 31 59 #SUP: 2586
17 21 27 31 66 #SUP: 2999
17 21 27 43 66 #SUP: 2783
17 21 29 31 41 #SUP: 2631
17 21 29 31 43 #SUP: 2813
17 21 29 31 66 #SUP: 2941
17 21 29 43 66 #SUP: 2730
17 21 31 41 43 #SUP: 2560
17 21 31 41 66 #SUP: 2651
17 21 31 43 66 #SUP: 2860
17 24 29 31 66 #SUP: 2621
17 24 31 43 66 #SUP: 2595
17 27 29 31 43 #SUP: 2639
17 27 29 31 66 #SUP: 2749
17 27 29 43 66 #SUP: 2563
17 27 31 43 66 #SUP: 2712
17 29 31 41 66 #SUP: 2572
17 29 31 43 66 #SUP: 2772
18 21 24 27 29 #SUP: 2566
18 21 24 27 31 #SUP: 2697
18 21 24 27 66 #SUP: 2599
18 21 24 29 31 #SUP: 2658
18 21 24 29 66 #SUP: 2565
18 21 24 31 43 #SUP: 2593
18 21 24 31 66 #SUP: 2675
18 21 27 29 31 #SUP: 2914
18 21 27 29 43 #SUP: 2712
18 21 27 29 66 #SUP: 2829
18 21 27 31 41 #SUP: 2667
18 21 27 31 43 #SUP: 2870
18 21 27 31 59 #SUP: 2580
18 21 27 31 66 #SUP: 2985
18 21 27 43 66 #SUP: 2772
18 21 29 31 41 #SUP: 2617
18 21 29 31 43 #SUP: 2803
18 21 29 31 66 #SUP: 2927
18 21 29 43 66 #SUP: 2719
18 21 31 41 43 #SUP: 2550
18 21 31 41 66 #SUP: 2637
18 21 31 43 66 #SUP: 2849
18 24 29 31 66 #SUP: 2608
18 24 31 43 66 #SUP: 2586
18 27 29 31 43 #SUP: 2630
18 27 29 31 66 #SUP: 2736
18 27 29 43 66 #SUP: 2553
18 27 31 43 66 #SUP: 2702
18 29 31 41 66 #SUP: 2558
18 29 31 43 66 #SUP: 2762
21 27 29 31 43 #SUP: 2562
21 27 29 31 66 #SUP: 2668
21 27 31 43 66 #SUP: 2624
21 29 31 43 66 #SUP: 2565
8 12 16 17 18 21 #SUP: 2650
8 12 16 17 18 24 #SUP: 2915
8 12 16 17 18 29 #SUP: 2617
8 12 16 17 18 31 #SUP: 2790
8 12 16 17 18 43 #SUP: 2595
8 12 16 17 18 66 #SUP: 2635
8 12 16 17 21 24 #SUP: 2627
8 12 16 17 24 29 #SUP: 2596
8 12 16 17 24 31 #SUP: 2766
8 12 16 17 24 43 #SUP: 2571
8 12 16 17 24 66 #SUP: 2613
8 12 16 18 21 24 #SUP: 2621
8 12 16 18 24 29 #SUP: 2590
8 12 16 18 24 31 #SUP: 2761
8 12 16 18 24 43 #SUP: 2567
8 12 16 18 24 66 #SUP: 2607
8 12 17 18 21 24 #SUP: 2680
8 12 17 18 21 31 #SUP: 2556
8 12 17 18 24 29 #SUP: 2654
8 12 17 18 24 31 #SUP: 2809
8 12 17 18 24 43 #SUP: 2621
8 12 17 18 24 66 #SUP: 2676
8 12 17 18 31 66 #SUP: 2546
8 16 17 18 21 24 #SUP: 2626
8 16 17 18 24 29 #SUP: 2595
8 16 17 18 24 31 #SUP: 2765
8 16 17 18 24 43 #SUP: 2571
8 16 17 18 24 66 #SUP: 2612
12 15 16 17 18 21 #SUP: 2924
12 15 16 17 18 24 #SUP: 2616
12 15 16 17 18 27 #SUP: 2797
12 15 16 17 18 29 #SUP: 2835
12 15 16 17 18 31 #SUP: 3061
12 15 16 17 18 41 #SUP: 2551
12 15 16 17 18 43 #SUP: 2807
12 15 16 17 18 66 #SUP: 2882
12 15 16 17 21 27 #SUP: 2701
12 15 16 17 21 29 #SUP: 2616
12 15 16 17 21 31 #SUP: 2797
12 15 16 17 21 43 #SUP: 2556
12 15 16 17 21 66 #SUP: 2635
12 15 16 17 27 31 #SUP: 2668
12 15 16 17 29 31 #SUP: 2700
12 15 16 17 31 43 #SUP: 2671
12 15 16 17 31 66 #SUP: 2748
12 15 16 18 21 27 #SUP: 2696
12 15 16 18 21 29 #SUP: 2610
12 15 16 18 21 31 #SUP: 2792
12 15 16 18 21 43 #SUP: 2552
12 15 16 18 21 66 #SUP: 2629
12 15 16 18 27 31 #SUP: 2664
12 15 16 18 29 31 #SUP: 2695
12 15 16 18 31 43 #SUP: 2668
12 15 16 18 31 66 #SUP: 2743
12 15 16 21 27 31 #SUP: 2576
12 15 17 18 21 27 #SUP: 2753
12 15 17 18 21 29 #SUP: 2673
12 15 17 18 21 31 #SUP: 2836
12 15 17 18 21 43 #SUP: 2607
12 15 17 18 21 66 #SUP: 2698
12 15 17 18 27 31 #SUP: 2707
12 15 17 18 27 66 #SUP: 2574
12 15 17 18 29 31 #SUP: 2744
12 15 17 18 29 66 #SUP: 2612
12 15 17 18 31 43 #SUP: 2710
12 15 17 18 31 66 #SUP: 2794
12 15 17 18 43 66 #SUP: 2579
12 15 17 21 27 31 #SUP: 2613
12 15 17 21 31 66 #SUP: 2559
12 15 18 21 27 31 #SUP: 2609
12 15 18 21 31 66 #SUP: 2554
12 16 17 18 21 24 #SUP: 3055
12 16 17 18 21 25 #SUP: 2750
12 16 17 18 21 27 #SUP: 3404
12 16 17 18 21 28 #SUP: 2810
12 16 17 18 21 29 #SUP: 3330
12 16 17 18 21 31 #SUP: 3528
12 16 17 18 21 41 #SUP: 2930
12 16 17 18 21 43 #SUP: 3242
12 16 17 18 21 59 #SUP: 2815
12 16 17 18 21 66 #SUP: 3385
12 16 17 18 22 31 #SUP: 2645
12 16 17 18 24 25 #SUP: 2566
12 16 17 18 24 27 #SUP: 2889
12 16 17 18 24 28 #SUP: 2577
12 16 17 18 24 29 #SUP: 2988
12 16 17 18 24 31 #SUP: 3196
12 16 17 18 24 41 #SUP: 2645
12 16 17 18 24 43 #SUP: 2964
12 16 17 18 24 66 #SUP: 3038
12 16 17 18 25 27 #SUP: 2591
12 16 17 18 25 29 #SUP: 2702
12 16 17 18 25 31 #SUP: 2910
12 16 17 18 25 43 #SUP: 2734
12 16 17 18 25 66 #SUP: 2794
12 16 17 18 27 28 #SUP: 2658
12 16 17 18 27 29 #SUP: 3126
12 16 17 18 27 31 #SUP: 3333
12 16 17 18 27 41 #SUP: 2786
12 16 17 18 27 43 #SUP: 3082
12 16 17 18 27 59 #SUP: 2689
12 16 17 18 27 66 #SUP: 3203
12 16 17 18 28 29 #SUP: 2728
12 16 17 18 28 31 #SUP: 3018
12 16 17 18 28 43 #SUP: 2755
12 16 17 18 28 66 #SUP: 2795
12 16 17 18 29 31 #SUP: 3412
12 16 17 18 29 41 #SUP: 2854
12 16 17 18 29 43 #SUP: 3159
12 16 17 18 29 59 #SUP: 2718
12 16 17 18 29 66 #SUP: 3282
12 16 17 18 31 41 #SUP: 3116
12 16 17 18 31 43 #SUP: 3384
12 16 17 18 31 59 #SUP: 2994
12 16 17 18 31 66 #SUP: 3512
12 16 17 18 41 43 #SUP: 2815
12 16 17 18 41 59 #SUP: 2674
12 16 17 18 41 66 #SUP: 2895
12 16 17 18 43 59 #SUP: 2750
12 16 17 18 43 66 #SUP: 3245
12 16 17 18 59 66 #SUP: 2745
12 16 17 21 24 27 #SUP: 2803
12 16 17 21 24 29 #SUP: 2757
12 16 17 21 24 31 #SUP: 2904
12 16 17 21 24 43 #SUP: 2688
12 16 17 21 24 66 #SUP: 2769
12 16 17 21 25 31 #SUP: 2590
12 16 17 21 27 28 #SUP: 2556
12 16 17 21 27 29 #SUP: 3033
12 16 17 21 27 31 #SUP: 3230
12 16 17 21 27 41 #SUP: 2703
12 16 17 21 27 43 #SUP: 2979
12 16 17 21 27 59 #SUP: 2598
12 16 17 21 27 66 #SUP: 3100
12 16 17 21 28 31 #SUP: 2711
12 16 17 21 29 31 #SUP: 3156
12 16 17 21 29 41 #SUP: 2647
12 16 17 21 29 43 #SUP: 2910
12 16 17 21 29 66 #SUP: 3036
12 16 17 21 31 41 #SUP: 2862
12 16 17 21 31 43 #SUP: 3081
12 16 17 21 31 59 #SUP: 2771
12 16 17 21 31 66 #SUP: 3211
12 16 17 21 41 43 #SUP: 2573
12 16 17 21 41 66 #SUP: 2665
12 16 17 21 43 66 #SUP: 2952
12 16 17 24 27 29 #SUP: 2577
12 16 17 24 27 31 #SUP: 2740
12 16 17 24 27 43 #SUP: 2548
12 16 17 24 27 66 #SUP: 2618
12 16 17 24 29 31 #SUP: 2829
12 16 17 24 29 43 #SUP: 2629
12 16 17 24 29 66 #SUP: 2699
12 16 17 24 31 41 #SUP: 2590
12 16 17 24 31 43 #SUP: 2814
12 16 17 24 31 66 #SUP: 2883
12 16 17 24 43 66 #SUP: 2676
12 16 17 25 31 43 #SUP: 2569
12 16 17 25 31 66 #SUP: 2620
12 16 17 27 28 31 #SUP: 2557
12 16 17 27 29 31 #SUP: 2951
12 16 17 27 29 43 #SUP: 2737
12 16 17 27 29 66 #SUP: 2845
12 16 17 27 31 41 #SUP: 2717
12 16 17 27 31 43 #SUP: 2922
12 16 17 27 31 59 #SUP: 2640
12 16 17 27 31 66 #SUP: 3031
12 16 17 27 43 66 #SUP: 2804
12 16 17 28 29 31 #SUP: 2620
12 16 17 28 31 43 #SUP: 2648
12 16 17 28 31 66 #SUP: 2687
12 16 17 29 31 41 #SUP: 2779
12 16 17 29 31 43 #SUP: 2984
12 16 17 29 31 59 #SUP: 2666
12 16 17 29 31 66 #SUP: 3100
12 16 17 29 41 66 #SUP: 2586
12 16 17 29 43 66 #SUP: 2870
12 16 17 31 41 43 #SUP: 2748
12 16 17 31 41 59 #SUP: 2628
12 16 17 31 41 66 #SUP: 2820
12 16 17 31 43 59 #SUP: 2700
12 16 17 31 43 66 #SUP: 3071
12 16 17 31 59 66 #SUP: 2696
12 16 17 41 43 66 #SUP: 2546
12 16 18 21 24 27 #SUP: 2797
12 16 18 21 24 29 #SUP: 2750
12 16 18 21 24 31 #SUP: 2898
12 16 18 21 24 43 #SUP: 2684
12 16 18 21 24 66 #SUP: 2762
12 16 18 21 25 31 #SUP: 2586
12 16 18 21 27 28 #SUP: 2549
12 16 18 21 27 29 #SUP: 3026
12 16 18 21 27 31 #SUP: 3224
12 16 18 21 27 41 #SUP: 2697
12 16 18 21 27 43 #SUP: 2975
12 16 18 21 27 59 #SUP: 2592
12 16 18 21 27 66 #SUP: 3093
12 16 18 21 28 31 #SUP: 2704
12 16 18 21 29 31 #SUP: 3149
12 16 18 21 29 41 #SUP: 2640
12 16 18 21 29 43 #SUP: 2905
12 16 18 21 29 66 #SUP: 3028
12 16 18 21 31 41 #SUP: 2855
12 16 18 21 31 43 #SUP: 3077
12 16 18 21 31 59 #SUP: 2764
12 16 18 21 31 66 #SUP: 3204
12 16 18 21 41 43 #SUP: 2569
12 16 18 21 41 66 #SUP: 2658
12 16 18 21 43 66 #SUP: 2947
12 16 18 24 27 29 #SUP: 2571
12 16 18 24 27 31 #SUP: 2735
12 16 18 24 27 66 #SUP: 2612
12 16 18 24 29 31 #SUP: 2823
12 16 18 24 29 43 #SUP: 2625
12 16 18 24 29 66 #SUP: 2692
12 16 18 24 31 41 #SUP: 2584
12 16 18 24 31 43 #SUP: 2811
12 16 18 24 31 66 #SUP: 2877
12 16 18 24 43 66 #SUP: 2672
12 16 18 25 31 43 #SUP: 2567
12 16 18 25 31 66 #SUP: 2616
12 16 18 27 28 31 #SUP: 2551
12 16 18 27 29 31 #SUP: 2945
12 16 18 27 29 43 #SUP: 2733
12 16 18 27 29 66 #SUP: 2838
12 16 18 27 31 41 #SUP: 2711
12 16 18 27 31 43 #SUP: 2919
12 16 18 27 31 59 #SUP: 2634
12 16 18 27 31 66 #SUP: 3025
12 16 18 27 43 66 #SUP: 2800
12 16 18 28 29 31 #SUP: 2613
12 16 18 28 31 43 #SUP: 2644
12 16 18 28 31 66 #SUP: 2680
12 16 18 29 31 41 #SUP: 2772
12 16 18 29 31 43 #SUP: 2980
12 16 18 29 31 59 #SUP: 2659
12 16 18 29 31 66 #SUP: 3093
12 16 18 29 41 66 #SUP: 2579
12 16 18 29 43 66 #SUP: 2865
12 16 18 31 41 43 #SUP: 2744
12 16 18 31 41 59 #SUP: 2621
12 16 18 31 41 66 #SUP: 2813
12 16 18 31 43 59 #SUP: 2696
12 16 18 31 43 66 #SUP: 3067
12 16 18 31 59 66 #SUP: 2689
12 16 21 24 27 31 #SUP: 2655
12 16 21 24 29 31 #SUP: 2609
12 16 21 24 31 43 #SUP: 2552
12 16 21 24 31 66 #SUP: 2625
12 16 21 27 29 31 #SUP: 2866
12 16 21 27 29 43 #SUP: 2653
12 16 21 27 29 66 #SUP: 2758
12 16 21 27 31 41 #SUP: 2634
12 16 21 27 31 43 #SUP: 2828
12 16 21 27 31 59 #SUP: 2549
12 16 21 27 31 66 #SUP: 2935
12 16 21 27 43 66 #SUP: 2709
12 16 21 29 31 41 #SUP: 2577
12 16 21 29 31 43 #SUP: 2756
12 16 21 29 31 66 #SUP: 2870
12 16 21 29 43 66 #SUP: 2648
12 16 21 31 41 66 #SUP: 2596
12 16 21 31 43 66 #SUP: 2800
12 16 24 29 31 66 #SUP: 2551
12 16 27 29 31 43 #SUP: 2585
12 16 27 29 31 66 #SUP: 2681
12 16 27 31 43 66 #SUP: 2655
12 16 29 31 43 66 #SUP: 2709
12 17 18 21 24 27 #SUP: 2861
12 17 18 21 24 29 #SUP: 2821
12 17 18 21 24 31 #SUP: 2949
12 17 18 21 24 43 #SUP: 2744
12 17 18 21 24 66 #SUP: 2837
12 17 18 21 25 31 #SUP: 2629
12 17 18 21 25 66 #SUP: 2550
12 17 18 21 27 28 #SUP: 2625
12 17 18 21 27 29 #SUP: 3100
12 17 18 21 27 31 #SUP: 3277
12 17 18 21 27 41 #SUP: 2749
12 17 18 21 27 43 #SUP: 3038
12 17 18 21 27 59 #SUP: 2634
12 17 18 21 27 66 #SUP: 3173
12 17 18 21 28 29 #SUP: 2564
12 17 18 21 28 31 #SUP: 2761
12 17 18 21 28 66 #SUP: 2590
12 17 18 21 29 31 #SUP: 3208
12 17 18 21 29 41 #SUP: 2698
12 17 18 21 29 43 #SUP: 2976
12 17 18 21 29 59 #SUP: 2579
12 17 18 21 29 66 #SUP: 3115
12 17 18 21 31 41 #SUP: 2901
12 17 18 21 31 43 #SUP: 3126
12 17 18 21 31 59 #SUP: 2804
12 17 18 21 31 66 #SUP: 3265
12 17 18 21 41 43 #SUP: 2615
12 17 18 21 41 66 #SUP: 2718
12 17 18 21 43 59 #SUP: 2565
12 17 18 21 43 66 #SUP: 3022
12 17 18 21 59 66 #SUP: 2582
12 17 18 24 27 29 #SUP: 2639
12 17 18 24 27 31 #SUP: 2786
12 17 18 24 27 43 #SUP: 2601
12 17 18 24 27 66 #SUP: 2684
12 17 18 24 29 31 #SUP: 2881
12 17 18 24 29 43 #SUP: 2691
12 17 18 24 29 66 #SUP: 2774
12 17 18 24 31 41 #SUP: 2627
12 17 18 24 31 43 #SUP: 2857
12 17 18 24 31 66 #SUP: 2936
12 17 18 24 43 66 #SUP: 2742
12 17 18 25 29 31 #SUP: 2575
12 17 18 25 31 43 #SUP: 2608
12 17 18 25 31 66 #SUP: 2666
12 17 18 27 28 31 #SUP: 2607
12 17 18 27 29 31 #SUP: 3003
12 17 18 27 29 43 #SUP: 2798
12 17 18 27 29 66 #SUP: 2920
12 17 18 27 31 41 #SUP: 2754
12 17 18 27 31 43 #SUP: 2966
12 17 18 27 31 59 #SUP: 2674
12 17 18 27 31 66 #SUP: 3085
12 17 18 27 41 66 #SUP: 2581
12 17 18 27 43 66 #SUP: 2869
12 17 18 28 29 31 #SUP: 2676
12 17 18 28 31 43 #SUP: 2696
12 17 18 28 31 66 #SUP: 2745
12 17 18 29 31 41 #SUP: 2822
12 17 18 29 31 43 #SUP: 3033
12 17 18 29 31 59 #SUP: 2704
12 17 18 29 31 66 #SUP: 3160
12 17 18 29 41 43 #SUP: 2560
12 17 18 29 41 66 #SUP: 2644
12 17 18 29 43 66 #SUP: 2946
12 17 18 31 41 43 #SUP: 2783
12 17 18 31 41 59 #SUP: 2664
12 17 18 31 41 66 #SUP: 2864
12 17 18 31 43 59 #SUP: 2730
12 17 18 31 43 66 #SUP: 3122
12 17 18 31 59 66 #SUP: 2735
12 17 18 41 43 66 #SUP: 2595
12 17 21 24 27 29 #SUP: 2568
12 17 21 24 27 31 #SUP: 2699
12 17 21 24 27 66 #SUP: 2601
12 17 21 24 29 31 #SUP: 2659
12 17 21 24 29 66 #SUP: 2566
12 17 21 24 31 43 #SUP: 2592
12 17 21 24 31 66 #SUP: 2676
12 17 21 27 29 31 #SUP: 2917
12 17 21 27 29 43 #SUP: 2712
12 17 21 27 29 66 #SUP: 2832
12 17 21 27 31 41 #SUP: 2673
12 17 21 27 31 43 #SUP: 2870
12 17 21 27 31 59 #SUP: 2584
12 17 21 27 31 66 #SUP: 2988
12 17 21 27 43 66 #SUP: 2772
12 17 21 29 31 41 #SUP: 2622
12 17 21 29 31 43 #SUP: 2803
12 17 21 29 31 66 #SUP: 2929
12 17 21 29 43 66 #SUP: 2719
12 17 21 31 41 43 #SUP: 2553
12 17 21 31 41 66 #SUP: 2642
12 17 21 31 43 66 #SUP: 2849
12 17 24 29 31 66 #SUP: 2609
12 17 24 31 43 66 #SUP: 2585
12 17 27 29 31 43 #SUP: 2630
12 17 27 29 31 66 #SUP: 2739
12 17 27 29 43 66 #SUP: 2553
12 17 27 31 43 66 #SUP: 2702
12 17 29 31 41 66 #SUP: 2563
12 17 29 31 43 66 #SUP: 2762
12 18 21 24 27 29 #SUP: 2562
12 18 21 24 27 31 #SUP: 2694
12 18 21 24 27 66 #SUP: 2595
12 18 21 24 29 31 #SUP: 2653
12 18 21 24 29 66 #SUP: 2559
12 18 21 24 31 43 #SUP: 2589
12 18 21 24 31 66 #SUP: 2670
12 18 21 27 29 31 #SUP: 2911
12 18 21 27 29 43 #SUP: 2708
12 18 21 27 29 66 #SUP: 2825
12 18 21 27 31 41 #SUP: 2667
12 18 21 27 31 43 #SUP: 2867
12 18 21 27 31 59 #SUP: 2578
12 18 21 27 31 66 #SUP: 2982
12 18 21 27 43 66 #SUP: 2768
12 18 21 29 31 41 #SUP: 2615
12 18 21 29 31 43 #SUP: 2799
12 18 21 29 31 66 #SUP: 2922
12 18 21 29 43 66 #SUP: 2714
12 18 21 31 41 43 #SUP: 2549
12 18 21 31 41 66 #SUP: 2635
12 18 21 31 43 66 #SUP: 2845
12 18 24 29 31 66 #SUP: 2603
12 18 24 31 43 66 #SUP: 2582
12 18 27 29 31 43 #SUP: 2627
12 18 27 29 31 66 #SUP: 2733
12 18 27 29 43 66 #SUP: 2549
12 18 27 31 43 66 #SUP: 2699
12 18 29 31 41 66 #SUP: 2556
12 18 29 31 43 66 #SUP: 2758
12 21 27 29 31 43 #SUP: 2553
12 21 27 29 31 66 #SUP: 2658
12 21 27 31 43 66 #SUP: 2614
12 21 29 31 43 66 #SUP: 2555
15 16 17 18 21 27 #SUP: 2699
15 16 17 18 21 29 #SUP: 2615
15 16 17 18 21 31 #SUP: 2796
15 16 17 18 21 43 #SUP: 2556
15 16 17 18 21 66 #SUP: 2634
15 16 17 18 27 31 #SUP: 2666
15 16 17 18 29 31 #SUP: 2699
15 16 17 18 31 43 #SUP: 2671
15 16 17 18 31 66 #SUP: 2747
15 16 17 21 27 31 #SUP: 2579
15 16 18 21 27 31 #SUP: 2574
15 17 18 21 27 31 #SUP: 2611
15 17 18 21 31 66 #SUP: 2558
16 17 18 21 24 27 #SUP: 2800
16 17 18 21 24 29 #SUP: 2755
16 17 18 21 24 31 #SUP: 2902
16 17 18 21 24 43 #SUP: 2688
16 17 18 21 24 66 #SUP: 2767
16 17 18 21 25 31 #SUP: 2589
16 17 18 21 27 28 #SUP: 2551
16 17 18 21 27 29 #SUP: 3029
16 17 18 21 27 31 #SUP: 3226
16 17 18 21 27 41 #SUP: 2697
16 17 18 21 27 43 #SUP: 2978
16 17 18 21 27 59 #SUP: 2593
16 17 18 21 27 66 #SUP: 3096
16 17 18 21 28 31 #SUP: 2706
16 17 18 21 29 31 #SUP: 3153
16 17 18 21 29 41 #SUP: 2642
16 17 18 21 29 43 #SUP: 2909
16 17 18 21 29 66 #SUP: 3033
16 17 18 21 31 41 #SUP: 2857
16 17 18 21 31 43 #SUP: 3080
16 17 18 21 31 59 #SUP: 2766
16 17 18 21 31 66 #SUP: 3208
16 17 18 21 41 43 #SUP: 2570
16 17 18 21 41 66 #SUP: 2660
16 17 18 21 43 66 #SUP: 2951
16 17 18 24 27 29 #SUP: 2574
16 17 18 24 27 31 #SUP: 2737
16 17 18 24 27 43 #SUP: 2548
16 17 18 24 27 66 #SUP: 2615
16 17 18 24 29 31 #SUP: 2827
16 17 18 24 29 43 #SUP: 2629
16 17 18 24 29 66 #SUP: 2697
16 17 18 24 31 41 #SUP: 2586
16 17 18 24 31 43 #SUP: 2814
16 17 18 24 31 66 #SUP: 2881
16 17 18 24 43 66 #SUP: 2676
16 17 18 25 31 43 #SUP: 2569
16 17 18 25 31 66 #SUP: 2619
16 17 18 27 28 31 #SUP: 2552
16 17 18 27 29 31 #SUP: 2947
16 17 18 27 29 43 #SUP: 2736
16 17 18 27 29 66 #SUP: 2841
16 17 18 27 31 41 #SUP: 2711
16 17 18 27 31 43 #SUP: 2921
16 17 18 27 31 59 #SUP: 2635
16 17 18 27 31 66 #SUP: 3027
16 17 18 27 43 66 #SUP: 2803
16 17 18 28 29 31 #SUP: 2615
16 17 18 28 31 43 #SUP: 2645
16 17 18 28 31 66 #SUP: 2682
16 17 18 29 31 41 #SUP: 2774
16 17 18 29 31 43 #SUP: 2983
16 17 18 29 31 59 #SUP: 2661
16 17 18 29 31 66 #SUP: 3097
16 17 18 29 41 66 #SUP: 2581
16 17 18 29 43 66 #SUP: 2869
16 17 18 31 41 43 #SUP: 2745
16 17 18 31 41 59 #SUP: 2622
16 17 18 31 41 66 #SUP: 2815
16 17 18 31 43 59 #SUP: 2698
16 17 18 31 43 66 #SUP: 3070
16 17 18 31 59 66 #SUP: 2691
16 17 21 24 27 31 #SUP: 2658
16 17 21 24 29 31 #SUP: 2614
16 17 21 24 31 43 #SUP: 2556
16 17 21 24 31 66 #SUP: 2630
16 17 21 27 29 31 #SUP: 2869
16 17 21 27 29 43 #SUP: 2657
16 17 21 27 29 66 #SUP: 2762
16 17 21 27 31 41 #SUP: 2635
16 17 21 27 31 43 #SUP: 2831
16 17 21 27 31 59 #SUP: 2550
16 17 21 27 31 66 #SUP: 2938
16 17 21 27 43 66 #SUP: 2713
16 17 21 29 31 41 #SUP: 2580
16 17 21 29 31 43 #SUP: 2760
16 17 21 29 31 66 #SUP: 2875
16 17 21 29 43 66 #SUP: 2653
16 17 21 31 41 66 #SUP: 2599
16 17 21 31 43 66 #SUP: 2804
16 17 24 29 31 66 #SUP: 2556
16 17 27 29 31 43 #SUP: 2588
16 17 27 29 31 66 #SUP: 2684
16 17 27 31 43 66 #SUP: 2658
16 17 29 31 43 66 #SUP: 2713
16 18 21 24 27 31 #SUP: 2652
16 18 21 24 29 31 #SUP: 2607
16 18 21 24 31 43 #SUP: 2552
16 18 21 24 31 66 #SUP: 2623
16 18 21 27 29 31 #SUP: 2862
16 18 21 27 29 43 #SUP: 2652
16 18 21 27 29 66 #SUP: 2754
16 18 21 27 31 41 #SUP: 2628
16 18 21 27 31 43 #SUP: 2827
16 18 21 27 31 66 #SUP: 2931
16 18 21 27 43 66 #SUP: 2708
16 18 21 29 31 41 #SUP: 2572
16 18 21 29 31 43 #SUP: 2755
16 18 21 29 31 66 #SUP: 2867
16 18 21 29 43 66 #SUP: 2647
16 18 21 31 41 66 #SUP: 2591
16 18 21 31 43 66 #SUP: 2799
16 18 24 29 31 66 #SUP: 2549
16 18 27 29 31 43 #SUP: 2584
16 18 27 29 31 66 #SUP: 2677
16 18 27 31 43 66 #SUP: 2654
16 18 29 31 43 66 #SUP: 2708
16 21 27 29 31 66 #SUP: 2610
16 21 27 31 43 66 #SUP: 2575
17 18 21 24 27 29 #SUP: 2566
17 18 21 24 27 31 #SUP: 2697
17 18 21 24 27 66 #SUP: 2599
17 18 21 24 29 31 #SUP: 2658
17 18 21 24 29 66 #SUP: 2565
17 18 21 24 31 43 #SUP: 2593
17 18 21 24 31 66 #SUP: 2675
17 18 21 27 29 31 #SUP: 2914
17 18 21 27 29 43 #SUP: 2712
17 18 21 27 29 66 #SUP: 2829
17 18 21 27 31 41 #SUP: 2667
17 18 21 27 31 43 #SUP: 2870
17 18 21 27 31 59 #SUP: 2580
17 18 21 27 31 66 #SUP: 2985
17 18 21 27 43 66 #SUP: 2772
17 18 21 29 31 41 #SUP: 2617
17 18 21 29 31 43 #SUP: 2803
17 18 21 29 31 66 #SUP: 2927
17 18 21 29 43 66 #SUP: 2719
17 18 21 31 41 43 #SUP: 2550
17 18 21 31 41 66 #SUP: 2637
17 18 21 31 43 66 #SUP: 2849
17 18 24 29 31 66 #SUP: 2608
17 18 24 31 43 66 #SUP: 2586
17 18 27 29 31 43 #SUP: 2630
17 18 27 29 31 66 #SUP: 2736
17 18 27 29 43 66 #SUP: 2553
17 18 27 31 43 66 #SUP: 2702
17 18 29 31 41 66 #SUP: 2558
17 18 29 31 43 66 #SUP: 2762
17 21 27 29 31 43 #SUP: 2562
17 21 27 29 31 66 #SUP: 2668
17 21 27 31 43 66 #SUP: 2624
17 21 29 31 43 66 #SUP: 2565
18 21 27 29 31 43 #SUP: 2553
18 21 27 29 31 66 #SUP: 2655
18 21 27 31 43 66 #SUP: 2614
18 21 29 31 43 66 #SUP: 2555
8 12 16 17 18 21 24 #SUP: 2621
8 12 16 17 18 24 29 #SUP: 2590
8 12 16 17 18 24 31 #SUP: 2761
8 12 16 17 18 24 43 #SUP: 2567
8 12 16 17 18 24 66 #SUP: 2607
12 15 16 17 18 21 27 #SUP: 2696
12 15 16 17 18 21 29 #SUP: 2610
12 15 16 17 18 21 31 #SUP: 2792
12 15 16 17 18 21 43 #SUP: 2552
12 15 16 17 18 21 66 #SUP: 2629
12 15 16 17 18 27 31 #SUP: 2664
12 15 16 17 18 29 31 #SUP: 2695
12 15 16 17 18 31 43 #SUP: 2668
12 15 16 17 18 31 66 #SUP: 2743
12 15 16 17 21 27 31 #SUP: 2576
12 15 16 18 21 27 31 #SUP: 2572
12 15 17 18 21 27 31 #SUP: 2609
12 15 17 18 21 31 66 #SUP: 2554
12 16 17 18 21 24 27 #SUP: 2797
12 16 17 18 21 24 29 #SUP: 2750
12 16 17 18 21 24 31 #SUP: 2898
12 16 17 18 21 24 43 #SUP: 2684
12 16 17 18 21 24 66 #SUP: 2762
12 16 17 18 21 25 31 #SUP: 2586
12 16 17 18 21 27 28 #SUP: 2549
12 16 17 18 21 27 29 #SUP: 3026
12 16 17 18 21 27 31 #SUP: 3224
12 16 17 18 21 27 41 #SUP: 2697
12 16 17 18 21 27 43 #SUP: 2975
12 16 17 18 21 27 59 #SUP: 2592
12 16 17 18 21 27 66 #SUP: 3093
12 16 17 18 21 28 31 #SUP: 2704
12 16 17 18 21 29 31 #SUP: 3149
12 16 17 18 21 29 41 #SUP: 2640
12 16 17 18 21 29 43 #SUP: 2905
12 16 17 18 21 29 66 #SUP: 3028
12 16 17 18 21 31 41 #SUP: 2855
12 16 17 18 21 31 43 #SUP: 3077
12 16 17 18 21 31 59 #SUP: 2764
12 16 17 18 21 31 66 #SUP: 3204
12 16 17 18 21 41 43 #SUP: 2569
12 16 17 18 21 41 66 #SUP: 2658
12 16 17 18 21 43 66 #SUP: 2947
12 16 17 18 24 27 29 #SUP: 2571
12 16 17 18 24 27 31 #SUP: 2735
12 16 17 18 24 27 66 #SUP: 2612
12 16 17 18 24 29 31 #SUP: 2823
12 16 17 18 24 29 43 #SUP: 2625
12 16 17 18 24 29 66 #SUP: 2692
12 16 17 18 24 31 41 #SUP: 2584
12 16 17 18 24 31 43 #SUP: 2811
12 16 17 18 24 31 66 #SUP: 2877
12 16 17 18 24 43 66 #SUP: 2672
12 16 17 18 25 31 43 #SUP: 2567
12 16 17 18 25 31 66 #SUP: 2616
12 16 17 18 27 28 31 #SUP: 2551
12 16 17 18 27 29 31 #SUP: 2945
12 16 17 18 27 29 43 #SUP: 2733
12 16 17 18 27 29 66 #SUP: 2838
12 16 17 18 27 31 41 #SUP: 2711
12 16 17 18 27 31 43 #SUP: 2919
12 16 17 18 27 31 59 #SUP: 2634
12 16 17 18 27 31 66 #SUP: 3025
12 16 17 18 27 43 66 #SUP: 2800
12 16 17 18 28 29 31 #SUP: 2613
12 16 17 18 28 31 43 #SUP: 2644
12 16 17 18 28 31 66 #SUP: 2680
12 16 17 18 29 31 41 #SUP: 2772
12 16 17 18 29 31 43 #SUP: 2980
12 16 17 18 29 31 59 #SUP: 2659
12 16 17 18 29 31 66 #SUP: 3093
12 16 17 18 29 41 66 #SUP: 2579
12 16 17 18 29 43 66 #SUP: 2865
12 16 17 18 31 41 43 #SUP: 2744
12 16 17 18 31 41 59 #SUP: 2621
12 16 17 18 31 41 66 #SUP: 2813
12 16 17 18 31 43 59 #SUP: 2696
12 16 17 18 31 43 66 #SUP: 3067
12 16 17 18 31 59 66 #SUP: 2689
12 16 17 21 24 27 31 #SUP: 2655
12 16 17 21 24 29 31 #SUP: 2609
12 16 17 21 24 31 43 #SUP: 2552
12 16 17 21 24 31 66 #SUP: 2625
12 16 17 21 27 29 31 #SUP: 2866
12 16 17 21 27 29 43 #SUP: 2653
12 16 17 21 27 29 66 #SUP: 2758
12 16 17 21 27 31 41 #SUP: 2634
12 16 17 21 27 31 43 #SUP: 2828
12 16 17 21 27 31 59 #SUP: 2549
12 16 17 21 27 31 66 #SUP: 2935
12 16 17 21 27 43 66 #SUP: 2709
12 16 17 21 29 31 41 #SUP: 2577
12 16 17 21 29 31 43 #SUP: 2756
12 16 17 21 29 31 66 #SUP: 2870
12 16 17 21 29 43 66 #SUP: 2648
12 16 17 21 31 41 66 #SUP: 2596
12 16 17 21 31 43 66 #SUP: 2800
12 16 17 24 29 31 66 #SUP: 2551
12 16 17 27 29 31 43 #SUP: 2585
12 16 17 27 29 31 66 #SUP: 2681
12 16 17 27 31 43 66 #SUP: 2655
12 16 17 29 31 43 66 #SUP: 2709
12 16 18 21 24 27 31 #SUP: 2650
12 16 18 21 24 29 31 #SUP: 2603
12 16 18 21 24 31 43 #SUP: 2549
12 16 18 21 24 31 66 #SUP: 2619
12 16 18 21 27 29 31 #SUP: 2860
12 16 18 21 27 29 43 #SUP: 2649
12 16 18 21 27 29 66 #SUP: 2751
12 16 18 21 27 31 41 #SUP: 2628
12 16 18 21 27 31 43 #SUP: 2825
12 16 18 21 27 31 66 #SUP: 2929
12 16 18 21 27 43 66 #SUP: 2705
12 16 18 21 29 31 41 #SUP: 2570
12 16 18 21 29 31 43 #SUP: 2752
12 16 18 21 29 31 66 #SUP: 2863
12 16 18 21 29 43 66 #SUP: 2643
12 16 18 21 31 41 66 #SUP: 2589
12 16 18 21 31 43 66 #SUP: 2796
12 16 18 27 29 31 43 #SUP: 2582
12 16 18 27 29 31 66 #SUP: 2675
12 16 18 27 31 43 66 #SUP: 2652
12 16 18 29 31 43 66 #SUP: 2705
12 16 21 27 29 31 66 #SUP: 2607
12 16 21 27 31 43 66 #SUP: 2572
12 17 18 21 24 27 29 #SUP: 2562
12 17 18 21 24 27 31 #SUP: 2694
12 17 18 21 24 27 66 #SUP: 2595
12 17 18 21 24 29 31 #SUP: 2653
12 17 18 21 24 29 66 #SUP: 2559
12 17 18 21 24 31 43 #SUP: 2589
12 17 18 21 24 31 66 #SUP: 2670
12 17 18 21 27 29 31 #SUP: 2911
12 17 18 21 27 29 43 #SUP: 2708
12 17 18 21 27 29 66 #SUP: 2825
12 17 18 21 27 31 41 #SUP: 2667
12 17 18 21 27 31 43 #SUP: 2867
12 17 18 21 27 31 59 #SUP: 2578
12 17 18 21 27 31 66 #SUP: 2982
12 17 18 21 27 43 66 #SUP: 2768
12 17 18 21 29 31 41 #SUP: 2615
12 17 18 21 29 31 43 #SUP: 2799
12 17 18 21 29 31 66 #SUP: 2922
12 17 18 21 29 43 66 #SUP: 2714
12 17 18 21 31 41 43 #SUP: 2549
12 17 18 21 31 41 66 #SUP: 2635
12 17 18 21 31 43 66 #SUP: 2845
12 17 18 24 29 31 66 #SUP: 2603
12 17 18 24 31 43 66 #SUP: 2582
12 17 18 27 29 31 43 #SUP: 2627
12 17 18 27 29 31 66 #SUP: 2733
12 17 18 27 29 43 66 #SUP: 2549
12 17 18 27 31 43 66 #SUP: 2699
12 17 18 29 31 41 66 #SUP: 2556
12 17 18 29 31 43 66 #SUP: 2758
12 17 21 27 29 31 43 #SUP: 2553
12 17 21 27 29 31 66 #SUP: 2658
12 17 21 27 31 43 66 #SUP: 2614
12 17 21 29 31 43 66 #SUP: 2555
12 18 21 27 29 31 43 #SUP: 2550
12 18 21 27 29 31 66 #SUP: 2652
12 18 21 27 31 43 66 #SUP: 2611
12 18 21 29 31 43 66 #SUP: 2551
15 16 17 18 21 27 31 #SUP: 2574
16 17 18 21 24 27 31 #SUP: 2652
16 17 18 21 24 29 31 #SUP: 2607
16 17 18 21 24 31 43 #SUP: 2552
16 17 18 21 24 31 66 #SUP: 2623
16 17 18 21 27 29 31 #SUP: 2862
16 17 18 21 27 29 43 #SUP: 2652
16 17 18 21 27 29 66 #SUP: 2754
16 17 18 21 27 31 41 #SUP: 2628
16 17 18 21 27 31 43 #SUP: 2827
16 17 18 21 27 31 66 #SUP: 2931
16 17 18 21 27 43 66 #SUP: 2708
16 17 18 21 29 31 41 #SUP: 2572
16 17 18 21 29 31 43 #SUP: 2755
16 17 18 21 29 31 66 #SUP: 2867
16 17 18 21 29 43 66 #SUP: 2647
16 17 18 21 31 41 66 #SUP: 2591
16 17 18 21 31 43 66 #SUP: 2799
16 17 18 24 29 31 66 #SUP: 2549
16 17 18 27 29 31 43 #SUP: 2584
16 17 18 27 29 31 66 #SUP: 2677
16 17 18 27 31 43 66 #SUP: 2654
16 17 18 29 31 43 66 #SUP: 2708
16 17 21 27 29 31 66 #SUP: 2610
16 17 21 27 31 43 66 #SUP: 2575
16 18 21 27 29 31 66 #SUP: 2603
16 18 21 27 31 43 66 #SUP: 2571
17 18 21 27 29 31 43 #SUP: 2553
17 18 21 27 29 31 66 #SUP: 2655
17 18 21 27 31 43 66 #SUP: 2614
17 18 21 29 31 43 66 #SUP: 2555
12 15 16 17 18 21 27 31 #SUP: 2572
12 16 17 18 21 24 27 31 #SUP: 2650
12 16 17 18 21 24 29 31 #SUP: 2603
12 16 17 18 21 24 31 43 #SUP: 2549
12 16 17 18 21 24 31 66 #SUP: 2619
12 16 17 18 21 27 29 31 #SUP: 2860
12 16 17 18 21 27 29 43 #SUP: 2649
12 16 17 18 21 27 29 66 #SUP: 2751
12 16 17 18 21 27 31 41 #SUP: 2628
12 16 17 18 21 27 31 43 #SUP: 2825
12 16 17 18 21 27 31 66 #SUP: 2929
12 16 17 18 21 27 43 66 #SUP: 2705
12 16 17 18 21 29 31 41 #SUP: 2570
12 16 17 18 21 29 31 43 #SUP: 2752
12 16 17 18 21 29 31 66 #SUP: 2863
12 16 17 18 21 29 43 66 #SUP: 2643
12 16 17 18 21 31 41 66 #SUP: 2589
12 16 17 18 21 31 43 66 #SUP: 2796
12 16 17 18 27 29 31 43 #SUP: 2582
12 16 17 18 27 29 31 66 #SUP: 2675
12 16 17 18 27 31 43 66 #SUP: 2652
12 16 17 18 29 31 43 66 #SUP: 2705
12 16 17 21 27 29 31 66 #SUP: 2607
12 16 17 21 27 31 43 66 #SUP: 2572
12 16 18 21 27 29 31 66 #SUP: 2601
12 16 18 21 27 31 43 66 #SUP: 2569
12 17 18 21 27 29 31 43 #SUP: 2550
12 17 18 21 27 29 31 66 #SUP: 2652
12 17 18 21 27 31 43 66 #SUP: 2611
12 17 18 21 29 31 43 66 #SUP: 2551
16 17 18 21 27 29 31 66 #SUP: 2603
16 17 18 21 27 31 43 66 #SUP: 2571
12 16 17 18 21 27 29 31 66 #SUP: 2601
12 16 17 18 21 27 31 43 66 #SUP: 2569
