14 #SUP: 2657
63 #SUP: 2695
22 #SUP: 2807
8 #SUP: 3035
59 #SUP: 3122
25 #SUP: 3202
28 #SUP: 3265
41 #SUP: 3292
15 #SUP: 3319
24 #SUP: 3483
27 #SUP: 3636
43 #SUP: 3685
29 #SUP: 3743
21 #SUP: 3840
66 #SUP: 3852
31 #SUP: 3968
16 #SUP: 4128
18 #SUP: 4226
12 #SUP: 4229
17 #SUP: 4242
12 17 #SUP: 4228
12 18 #SUP: 4220
17 18 #SUP: 4226
16 18 #SUP: 4119
12 16 #SUP: 4122
16 17 #SUP: 4128
16 31 #SUP: 3891
18 31 #SUP: 3953
12 31 #SUP: 3955
17 31 #SUP: 3968
31 66 #SUP: 3601
16 66 #SUP: 3738
18 66 #SUP: 3836
12 66 #SUP: 3838
17 66 #SUP: 3852
21 66 #SUP: 3500
21 31 #SUP: 3609
16 21 #SUP: 3739
18 21 #SUP: 3824
12 21 #SUP: 3826
17 21 #SUP: 3840
21 29 #SUP: 3438
29 66 #SUP: 3402
29 31 #SUP: 3498
16 29 #SUP: 3637
18 29 #SUP: 3728
12 29 #SUP: 3730
17 29 #SUP: 3743
29 43 #SUP: 3256
21 43 #SUP: 3334
43 66 #SUP: 3348
31 43 #SUP: 3454
16 43 #SUP: 3592
18 43 #SUP: 3673
12 43 #SUP: 3673
17 43 #SUP: 3685
27 43 #SUP: 3166
27 29 #SUP: 3226
21 27 #SUP: 3503
27 66 #SUP: 3310
27 31 #SUP: 3410
16 27 #SUP: 3540
18 27 #SUP: 3621
12 27 #SUP: 3624
17 27 #SUP: 3636
24 27 #SUP: 2978
24 43 #SUP: 3049
24 29 #SUP: 3090
21 24 #SUP: 3150
24 66 #SUP: 3145
24 31 #SUP: 3273
16 24 #SUP: 3389
18 24 #SUP: 3469
12 24 #SUP: 3470
17 24 #SUP: 3483
15 24 #SUP: 2699
15 27 #SUP: 2876
15 43 #SUP: 2887
15 29 #SUP: 2926
15 21 #SUP: 3012
15 66 #SUP: 2981
15 31 #SUP: 3129
15 16 #SUP: 3232
15 18 #SUP: 3305
12 15 #SUP: 3306
15 17 #SUP: 3319
15 41 #SUP: 2616
24 41 #SUP: 2716
27 41 #SUP: 2856
41 43 #SUP: 2879
29 41 #SUP: 2935
21 41 #SUP: 3006
41 66 #SUP: 2979
31 41 #SUP: 3183
16 41 #SUP: 3218
18 41 #SUP: 3278
12 41 #SUP: 3283
17 41 #SUP: 3292
28 41 #SUP: 2595
15 28 #SUP: 2570
24 28 #SUP: 2671
27 28 #SUP: 2753
28 43 #SUP: 2847
28 29 #SUP: 2835
21 28 #SUP: 2912
28 66 #SUP: 2910
28 31 #SUP: 3094
16 28 #SUP: 3161
18 28 #SUP: 3256
12 28 #SUP: 3260
17 28 #SUP: 3265
25 28 #SUP: 2555
15 25 #SUP: 2554
24 25 #SUP: 2644
25 27 #SUP: 2668
25 43 #SUP: 2810
25 29 #SUP: 2790
21 25 #SUP: 2834
25 66 #SUP: 2889
25 31 #SUP: 2976
16 25 #SUP: 3117
18 25 #SUP: 3189
12 25 #SUP: 3189
17 25 #SUP: 3202
41 59 #SUP: 2731
24 59 #SUP: 2595
27 59 #SUP: 2744
43 59 #SUP: 2797
29 59 #SUP: 2779
21 59 #SUP: 2872
59 66 #SUP: 2808
31 59 #SUP: 3050
16 59 #SUP: 3068
18 59 #SUP: 3115
12 59 #SUP: 3119
17 59 #SUP: 3122
8 24 #SUP: 3003
8 27 #SUP: 2575
8 43 #SUP: 2664
8 29 #SUP: 2700
8 21 #SUP: 2728
8 66 #SUP: 2723
8 31 #SUP: 2855
8 16 #SUP: 2958
8 18 #SUP: 3021
8 12 #SUP: 3022
8 17 #SUP: 3034
22 31 #SUP: 2686
16 22 #SUP: 2756
18 22 #SUP: 2803
12 22 #SUP: 2804
17 22 #SUP: 2807
16 63 #SUP: 2611
18 63 #SUP: 2683
12 63 #SUP: 2685
17 63 #SUP: 2695
14 16 #SUP: 2631
14 18 #SUP: 2654
12 14 #SUP: 2652
14 17 #SUP: 2657
12 14 17 #SUP: 2652
12 14 18 #SUP: 2650
14 17 18 #SUP: 2654
14 16 18 #SUP: 2628
12 14 16 #SUP: 2626
14 16 17 #SUP: 2631
12 17 63 #SUP: 2685
12 18 63 #SUP: 2680
17 18 63 #SUP: 2683
16 18 63 #SUP: 2605
12 16 63 #SUP: 2608
16 17 63 #SUP: 2611
12 17 22 #SUP: 2804
12 18 22 #SUP: 2800
17 18 22 #SUP: 2803
16 18 22 #SUP: 2752
12 16 22 #SUP: 2754
16 17 22 #SUP: 2756
16 22 31 #SUP: 2650
18 22 31 #SUP: 2682
12 22 31 #SUP: 2684
17 22 31 #SUP: 2686
8 12 17 #SUP: 3021
8 12 18 #SUP: 3015
8 17 18 #SUP: 3021
8 16 18 #SUP: 2951
8 12 16 #SUP: 2952
8 16 17 #SUP: 2958
8 16 31 #SUP: 2800
8 18 31 #SUP: 2843
8 12 31 #SUP: 2843
8 17 31 #SUP: 2855
8 31 66 #SUP: 2563
8 16 66 #SUP: 2647
8 18 66 #SUP: 2710
8 12 66 #SUP: 2710
8 17 66 #SUP: 2723
8 21 31 #SUP: 2573
8 16 21 #SUP: 2662
8 18 21 #SUP: 2715
8 12 21 #SUP: 2715
8 17 21 #SUP: 2728
8 16 29 #SUP: 2629
8 18 29 #SUP: 2687
8 12 29 #SUP: 2687
8 17 29 #SUP: 2700
8 16 43 #SUP: 2604
8 18 43 #SUP: 2654
8 12 43 #SUP: 2653
8 17 43 #SUP: 2664
8 18 27 #SUP: 2563
8 12 27 #SUP: 2564
8 17 27 #SUP: 2575
8 24 27 #SUP: 2549
8 24 43 #SUP: 2636
8 24 29 #SUP: 2673
8 21 24 #SUP: 2699
8 24 66 #SUP: 2695
8 24 31 #SUP: 2826
8 16 24 #SUP: 2927
8 18 24 #SUP: 2990
8 12 24 #SUP: 2990
8 17 24 #SUP: 3003
12 17 59 #SUP: 3119
12 18 59 #SUP: 3112
17 18 59 #SUP: 3115
16 18 59 #SUP: 3061
12 16 59 #SUP: 3066
16 17 59 #SUP: 3068
16 31 59 #SUP: 3003
18 31 59 #SUP: 3043
12 31 59 #SUP: 3047
17 31 59 #SUP: 3050
31 59 66 #SUP: 2745
16 59 66 #SUP: 2754
18 59 66 #SUP: 2801
12 59 66 #SUP: 2805
17 59 66 #SUP: 2808
21 59 66 #SUP: 2592
21 31 59 #SUP: 2814
16 21 59 #SUP: 2824
18 21 59 #SUP: 2865
12 21 59 #SUP: 2869
17 21 59 #SUP: 2872
21 29 59 #SUP: 2589
29 31 59 #SUP: 2714
16 29 59 #SUP: 2727
18 29 59 #SUP: 2772
12 29 59 #SUP: 2776
17 29 59 #SUP: 2779
21 43 59 #SUP: 2572
31 43 59 #SUP: 2737
16 43 59 #SUP: 2756
18 43 59 #SUP: 2793
12 43 59 #SUP: 2794
17 43 59 #SUP: 2797
21 27 59 #SUP: 2642
27 31 59 #SUP: 2682
16 27 59 #SUP: 2696
18 27 59 #SUP: 2738
12 27 59 #SUP: 2742
17 27 59 #SUP: 2744
24 31 59 #SUP: 2549
16 24 59 #SUP: 2549
18 24 59 #SUP: 2589
12 24 59 #SUP: 2592
17 24 59 #SUP: 2595
31 41 59 #SUP: 2672
16 41 59 #SUP: 2682
18 41 59 #SUP: 2724
12 41 59 #SUP: 2730
17 41 59 #SUP: 2731
12 17 25 #SUP: 3189
12 18 25 #SUP: 3184
17 18 25 #SUP: 3189
16 18 25 #SUP: 3111
12 16 25 #SUP: 3112
16 17 25 #SUP: 3117
16 25 31 #SUP: 2918
18 25 31 #SUP: 2964
12 25 31 #SUP: 2964
17 25 31 #SUP: 2976
25 31 66 #SUP: 2682
16 25 66 #SUP: 2804
18 25 66 #SUP: 2876
12 25 66 #SUP: 2876
17 25 66 #SUP: 2889
21 25 66 #SUP: 2568
21 25 31 #SUP: 2645
16 21 25 #SUP: 2760
18 21 25 #SUP: 2821
12 21 25 #SUP: 2821
17 21 25 #SUP: 2834
25 29 31 #SUP: 2590
16 25 29 #SUP: 2712
18 25 29 #SUP: 2778
12 25 29 #SUP: 2778
17 25 29 #SUP: 2790
25 31 43 #SUP: 2620
16 25 43 #SUP: 2741
18 25 43 #SUP: 2800
12 25 43 #SUP: 2799
17 25 43 #SUP: 2810
21 25 27 #SUP: 2554
16 25 27 #SUP: 2598
18 25 27 #SUP: 2656
12 25 27 #SUP: 2657
17 25 27 #SUP: 2668
16 24 25 #SUP: 2575
18 24 25 #SUP: 2633
12 24 25 #SUP: 2632
17 24 25 #SUP: 2644
15 17 25 #SUP: 2554
18 25 28 #SUP: 2549
12 25 28 #SUP: 2551
17 25 28 #SUP: 2555
12 17 28 #SUP: 3260
12 18 28 #SUP: 3252
17 18 28 #SUP: 3256
16 18 28 #SUP: 3153
12 16 28 #SUP: 3158
16 17 28 #SUP: 3161
16 28 31 #SUP: 3027
18 28 31 #SUP: 3086
12 28 31 #SUP: 3090
17 28 31 #SUP: 3094
28 31 66 #SUP: 2756
16 28 66 #SUP: 2806
18 28 66 #SUP: 2901
12 28 66 #SUP: 2905
17 28 66 #SUP: 2910
21 28 66 #SUP: 2603
21 28 31 #SUP: 2772
16 21 28 #SUP: 2821
18 21 28 #SUP: 2903
12 21 28 #SUP: 2907
17 21 28 #SUP: 2912
21 28 29 #SUP: 2576
28 29 31 #SUP: 2686
16 28 29 #SUP: 2739
18 28 29 #SUP: 2827
12 28 29 #SUP: 2831
17 28 29 #SUP: 2835
28 31 43 #SUP: 2703
16 28 43 #SUP: 2762
18 28 43 #SUP: 2841
12 28 43 #SUP: 2843
17 28 43 #SUP: 2847
21 27 28 #SUP: 2636
27 28 31 #SUP: 2616
16 27 28 #SUP: 2667
18 27 28 #SUP: 2745
12 27 28 #SUP: 2749
17 27 28 #SUP: 2753
24 28 31 #SUP: 2553
16 24 28 #SUP: 2587
18 24 28 #SUP: 2664
12 24 28 #SUP: 2667
17 24 28 #SUP: 2671
15 18 28 #SUP: 2563
12 15 28 #SUP: 2566
15 17 28 #SUP: 2570
18 28 41 #SUP: 2588
12 28 41 #SUP: 2594
17 28 41 #SUP: 2595
12 17 41 #SUP: 3283
12 18 41 #SUP: 3276
17 18 41 #SUP: 3278
16 18 41 #SUP: 3210
12 16 41 #SUP: 3215
16 17 41 #SUP: 3218
16 31 41 #SUP: 3126
18 31 41 #SUP: 3169
12 31 41 #SUP: 3174
17 31 41 #SUP: 3183
31 41 66 #SUP: 2880
16 41 66 #SUP: 2905
18 41 66 #SUP: 2965
12 41 66 #SUP: 2970
17 41 66 #SUP: 2979
21 41 66 #SUP: 2734
21 31 41 #SUP: 2917
16 21 41 #SUP: 2940
18 21 41 #SUP: 2992
12 21 41 #SUP: 2997
17 21 41 #SUP: 3006
21 29 41 #SUP: 2714
29 41 66 #SUP: 2660
29 31 41 #SUP: 2838
16 29 41 #SUP: 2864
18 29 41 #SUP: 2921
12 29 41 #SUP: 2926
17 29 41 #SUP: 2935
29 41 43 #SUP: 2571
21 41 43 #SUP: 2626
41 43 66 #SUP: 2606
31 41 43 #SUP: 2794
16 41 43 #SUP: 2821
18 41 43 #SUP: 2869
12 41 43 #SUP: 2872
17 41 43 #SUP: 2879
27 29 41 #SUP: 2555
21 27 41 #SUP: 2762
27 41 66 #SUP: 2594
27 31 41 #SUP: 2767
16 27 41 #SUP: 2793
18 27 41 #SUP: 2843
12 27 41 #SUP: 2849
17 27 41 #SUP: 2856
24 31 41 #SUP: 2642
16 24 41 #SUP: 2654
18 24 41 #SUP: 2703
12 24 41 #SUP: 2707
17 24 41 #SUP: 2716
15 16 41 #SUP: 2559
15 18 41 #SUP: 2604
12 15 41 #SUP: 2607
15 17 41 #SUP: 2616
12 15 17 #SUP: 3306
12 15 18 #SUP: 3300
15 17 18 #SUP: 3305
15 16 18 #SUP: 3225
12 15 16 #SUP: 3226
15 16 17 #SUP: 3232
15 16 31 #SUP: 3071
15 18 31 #SUP: 3116
12 15 31 #SUP: 3117
15 17 31 #SUP: 3129
15 31 66 #SUP: 2811
15 16 66 #SUP: 2894
15 18 66 #SUP: 2967
12 15 66 #SUP: 2968
15 17 66 #SUP: 2981
15 21 66 #SUP: 2717
15 21 31 #SUP: 2853
15 16 21 #SUP: 2936
15 18 21 #SUP: 2998
12 15 21 #SUP: 2999
15 17 21 #SUP: 3012
15 21 29 #SUP: 2691
15 29 66 #SUP: 2630
15 29 31 #SUP: 2760
15 16 29 #SUP: 2847
15 18 29 #SUP: 2913
12 15 29 #SUP: 2914
15 17 29 #SUP: 2926
15 29 43 #SUP: 2552
15 21 43 #SUP: 2622
15 43 66 #SUP: 2594
15 31 43 #SUP: 2723
15 16 43 #SUP: 2816
15 18 43 #SUP: 2876
12 15 43 #SUP: 2876
15 17 43 #SUP: 2887
15 27 29 #SUP: 2546
15 21 27 #SUP: 2769
15 27 66 #SUP: 2590
15 27 31 #SUP: 2721
15 16 27 #SUP: 2806
15 18 27 #SUP: 2863
12 15 27 #SUP: 2865
15 17 27 #SUP: 2876
15 24 31 #SUP: 2559
15 16 24 #SUP: 2627
15 18 24 #SUP: 2687
12 15 24 #SUP: 2687
15 17 24 #SUP: 2699
12 17 24 #SUP: 3470
12 18 24 #SUP: 3463
17 18 24 #SUP: 3469
16 18 24 #SUP: 3381
12 16 24 #SUP: 3383
16 17 24 #SUP: 3389
16 24 31 #SUP: 3207
18 24 31 #SUP: 3260
12 24 31 #SUP: 3261
17 24 31 #SUP: 3273
24 31 66 #SUP: 2954
16 24 66 #SUP: 3051
18 24 66 #SUP: 3131
12 24 66 #SUP: 3132
17 24 66 #SUP: 3145
21 24 66 #SUP: 2857
21 24 31 #SUP: 2967
16 21 24 #SUP: 3068
18 21 24 #SUP: 3136
12 21 24 #SUP: 3137
17 21 24 #SUP: 3150
21 24 29 #SUP: 2841
24 29 66 #SUP: 2794
24 29 31 #SUP: 2899
16 24 29 #SUP: 3001
18 24 29 #SUP: 3076
12 24 29 #SUP: 3077
17 24 29 #SUP: 3090
24 29 43 #SUP: 2706
21 24 43 #SUP: 2759
24 43 66 #SUP: 2757
24 31 43 #SUP: 2870
16 24 43 #SUP: 2973
18 24 43 #SUP: 3039
12 24 43 #SUP: 3038
17 24 43 #SUP: 3049
24 27 43 #SUP: 2614
24 27 29 #SUP: 2656
21 24 27 #SUP: 2878
24 27 66 #SUP: 2701
24 27 31 #SUP: 2801
16 24 27 #SUP: 2899
18 24 27 #SUP: 2965
12 24 27 #SUP: 2967
17 24 27 #SUP: 2978
12 17 27 #SUP: 3624
12 18 27 #SUP: 3617
17 18 27 #SUP: 3621
16 18 27 #SUP: 3532
12 16 27 #SUP: 3536
16 17 27 #SUP: 3540
16 27 31 #SUP: 3342
18 27 31 #SUP: 3396
12 27 31 #SUP: 3399
17 27 31 #SUP: 3410
27 31 66 #SUP: 3102
16 27 66 #SUP: 3214
18 27 66 #SUP: 3295
12 27 66 #SUP: 3298
17 27 66 #SUP: 3310
21 27 66 #SUP: 3192
21 27 31 #SUP: 3294
16 21 27 #SUP: 3415
18 21 27 #SUP: 3488
12 21 27 #SUP: 3491
17 21 27 #SUP: 3503
21 27 29 #SUP: 3118
27 29 66 #SUP: 2938
27 29 31 #SUP: 3019
16 27 29 #SUP: 3137
18 27 29 #SUP: 3212
12 27 29 #SUP: 3215
17 27 29 #SUP: 3226
27 29 43 #SUP: 2812
21 27 43 #SUP: 3053
27 43 66 #SUP: 2884
27 31 43 #SUP: 2979
16 27 43 #SUP: 3090
18 27 43 #SUP: 3155
12 27 43 #SUP: 3155
17 27 43 #SUP: 3166
12 17 43 #SUP: 3673
12 18 43 #SUP: 3668
17 18 43 #SUP: 3673
16 18 43 #SUP: 3586
12 16 43 #SUP: 3587
16 17 43 #SUP: 3592
16 31 43 #SUP: 3392
18 31 43 #SUP: 3443
12 31 43 #SUP: 3443
17 31 43 #SUP: 3454
31 43 66 #SUP: 3137
16 43 66 #SUP: 3255
18 43 66 #SUP: 3336
12 43 66 #SUP: 3336
17 43 66 #SUP: 3348
21 43 66 #SUP: 3039
21 31 43 #SUP: 3141
16 21 43 #SUP: 3252
18 21 43 #SUP: 3322
12 21 43 #SUP: 3322
17 21 43 #SUP: 3334
21 29 43 #SUP: 2992
29 43 66 #SUP: 2962
29 31 43 #SUP: 3047
16 29 43 #SUP: 3169
18 29 43 #SUP: 3245
12 29 43 #SUP: 3245
17 29 43 #SUP: 3256
12 17 29 #SUP: 3730
12 18 29 #SUP: 3722
17 18 29 #SUP: 3728
16 18 29 #SUP: 3628
12 16 29 #SUP: 3631
16 17 29 #SUP: 3637
16 29 31 #SUP: 3424
18 29 31 #SUP: 3484
12 29 31 #SUP: 3486
17 29 31 #SUP: 3498
29 31 66 #SUP: 3179
16 29 66 #SUP: 3296
18 29 66 #SUP: 3387
12 29 66 #SUP: 3389
17 29 66 #SUP: 3402
21 29 66 #SUP: 3136
21 29 31 #SUP: 3227
16 21 29 #SUP: 3344
18 21 29 #SUP: 3423
12 21 29 #SUP: 3425
17 21 29 #SUP: 3438
12 17 21 #SUP: 3826
12 18 21 #SUP: 3818
17 18 21 #SUP: 3824
16 18 21 #SUP: 3730
12 16 21 #SUP: 3733
16 17 21 #SUP: 3739
16 21 31 #SUP: 3540
18 21 31 #SUP: 3594
12 21 31 #SUP: 3596
17 21 31 #SUP: 3609
21 31 66 #SUP: 3285
16 21 66 #SUP: 3399
18 21 66 #SUP: 3484
12 21 66 #SUP: 3486
17 21 66 #SUP: 3500
12 17 66 #SUP: 3838
12 18 66 #SUP: 3830
17 18 66 #SUP: 3836
16 18 66 #SUP: 3729
12 16 66 #SUP: 3732
16 17 66 #SUP: 3738
16 31 66 #SUP: 3524
18 31 66 #SUP: 3586
12 31 66 #SUP: 3588
17 31 66 #SUP: 3601
12 17 31 #SUP: 3955
12 18 31 #SUP: 3948
17 18 31 #SUP: 3953
16 18 31 #SUP: 3883
12 16 31 #SUP: 3886
16 17 31 #SUP: 3891
12 16 17 #SUP: 4122
12 16 18 #SUP: 4114
16 17 18 #SUP: 4119
12 17 18 #SUP: 4220
12 16 17 18 #SUP: 4114
12 16 17 31 #SUP: 3886
12 16 18 31 #SUP: 3879
16 17 18 31 #SUP: 3883
12 17 18 31 #SUP: 3948
12 17 31 66 #SUP: 3588
12 18 31 66 #SUP: 3581
17 18 31 66 #SUP: 3586
16 18 31 66 #SUP: 3516
12 16 31 66 #SUP: 3519
16 17 31 66 #SUP: 3524
12 16 17 66 #SUP: 3732
12 16 18 66 #SUP: 3724
16 17 18 66 #SUP: 3729
12 17 18 66 #SUP: 3830
12 17 21 66 #SUP: 3486
12 18 21 66 #SUP: 3478
17 18 21 66 #SUP: 3484
16 18 21 66 #SUP: 3390
12 16 21 66 #SUP: 3393
16 17 21 66 #SUP: 3399
16 21 31 66 #SUP: 3216
18 21 31 66 #SUP: 3270
12 21 31 66 #SUP: 3272
17 21 31 66 #SUP: 3285
12 17 21 31 #SUP: 3596
12 18 21 31 #SUP: 3589
17 18 21 31 #SUP: 3594
16 18 21 31 #SUP: 3532
12 16 21 31 #SUP: 3535
16 17 21 31 #SUP: 3540
12 16 17 21 #SUP: 3733
12 16 18 21 #SUP: 3725
16 17 18 21 #SUP: 3730
12 17 18 21 #SUP: 3818
12 17 21 29 #SUP: 3425
12 18 21 29 #SUP: 3417
17 18 21 29 #SUP: 3423
16 18 21 29 #SUP: 3335
12 16 21 29 #SUP: 3338
16 17 21 29 #SUP: 3344
16 21 29 31 #SUP: 3161
18 21 29 31 #SUP: 3213
12 21 29 31 #SUP: 3215
17 21 29 31 #SUP: 3227
21 29 31 66 #SUP: 2941
16 21 29 66 #SUP: 3042
18 21 29 66 #SUP: 3121
12 21 29 66 #SUP: 3123
17 21 29 66 #SUP: 3136
12 17 29 66 #SUP: 3389
12 18 29 66 #SUP: 3381
17 18 29 66 #SUP: 3387
16 18 29 66 #SUP: 3287
12 16 29 66 #SUP: 3290
16 17 29 66 #SUP: 3296
16 29 31 66 #SUP: 3105
18 29 31 66 #SUP: 3165
12 29 31 66 #SUP: 3167
17 29 31 66 #SUP: 3179
12 17 29 31 #SUP: 3486
12 18 29 31 #SUP: 3479
17 18 29 31 #SUP: 3484
16 18 29 31 #SUP: 3416
12 16 29 31 #SUP: 3419
16 17 29 31 #SUP: 3424
12 16 17 29 #SUP: 3631
12 16 18 29 #SUP: 3623
16 17 18 29 #SUP: 3628
12 17 18 29 #SUP: 3722
12 17 29 43 #SUP: 3245
12 18 29 43 #SUP: 3240
17 18 29 43 #SUP: 3245
16 18 29 43 #SUP: 3163
12 16 29 43 #SUP: 3164
16 17 29 43 #SUP: 3169
16 29 31 43 #SUP: 2988
18 29 31 43 #SUP: 3037
12 29 31 43 #SUP: 3037
17 29 31 43 #SUP: 3047
29 31 43 66 #SUP: 2772
16 29 43 66 #SUP: 2875
18 29 43 66 #SUP: 2951
12 29 43 66 #SUP: 2951
17 29 43 66 #SUP: 2962
21 29 43 66 #SUP: 2730
21 29 31 43 #SUP: 2813
16 21 29 43 #SUP: 2915
18 21 29 43 #SUP: 2981
12 21 29 43 #SUP: 2981
17 21 29 43 #SUP: 2992
12 17 21 43 #SUP: 3322
12 18 21 43 #SUP: 3317
17 18 21 43 #SUP: 3322
16 18 21 43 #SUP: 3246
12 16 21 43 #SUP: 3247
16 17 21 43 #SUP: 3252
16 21 31 43 #SUP: 3085
18 21 31 43 #SUP: 3130
12 21 31 43 #SUP: 3130
17 21 31 43 #SUP: 3141
21 31 43 66 #SUP: 2860
16 21 43 66 #SUP: 2957
18 21 43 66 #SUP: 3027
12 21 43 66 #SUP: 3027
17 21 43 66 #SUP: 3039
12 17 43 66 #SUP: 3336
12 18 43 66 #SUP: 3331
17 18 43 66 #SUP: 3336
16 18 43 66 #SUP: 3249
12 16 43 66 #SUP: 3250
16 17 43 66 #SUP: 3255
16 31 43 66 #SUP: 3075
18 31 43 66 #SUP: 3126
12 31 43 66 #SUP: 3126
17 31 43 66 #SUP: 3137
12 17 31 43 #SUP: 3443
12 18 31 43 #SUP: 3439
17 18 31 43 #SUP: 3443
16 18 31 43 #SUP: 3387
12 16 31 43 #SUP: 3388
16 17 31 43 #SUP: 3392
12 16 17 43 #SUP: 3587
12 16 18 43 #SUP: 3582
16 17 18 43 #SUP: 3586
12 17 18 43 #SUP: 3668
12 17 27 43 #SUP: 3155
12 18 27 43 #SUP: 3151
17 18 27 43 #SUP: 3155
16 18 27 43 #SUP: 3085
12 16 27 43 #SUP: 3086
16 17 27 43 #SUP: 3090
16 27 31 43 #SUP: 2925
18 27 31 43 #SUP: 2969
12 27 31 43 #SUP: 2969
17 27 31 43 #SUP: 2979
27 31 43 66 #SUP: 2712
16 27 43 66 #SUP: 2808
18 27 43 66 #SUP: 2873
12 27 43 66 #SUP: 2873
17 27 43 66 #SUP: 2884
21 27 43 66 #SUP: 2783
21 27 31 43 #SUP: 2880
16 21 27 43 #SUP: 2983
18 21 27 43 #SUP: 3042
12 21 27 43 #SUP: 3042
17 21 27 43 #SUP: 3053
21 27 29 43 #SUP: 2722
27 29 43 66 #SUP: 2563
27 29 31 43 #SUP: 2639
16 27 29 43 #SUP: 2741
18 27 29 43 #SUP: 2802
12 27 29 43 #SUP: 2802
17 27 29 43 #SUP: 2812
12 17 27 29 #SUP: 3215
12 18 27 29 #SUP: 3208
17 18 27 29 #SUP: 3212
16 18 27 29 #SUP: 3129
12 16 27 29 #SUP: 3133
16 17 27 29 #SUP: 3137
16 27 29 31 #SUP: 2954
18 27 29 31 #SUP: 3006
12 27 29 31 #SUP: 3009
17 27 29 31 #SUP: 3019
27 29 31 66 #SUP: 2749
16 27 29 66 #SUP: 2849
18 27 29 66 #SUP: 2924
12 27 29 66 #SUP: 2927
17 27 29 66 #SUP: 2938
21 27 29 66 #SUP: 2843
21 27 29 31 #SUP: 2927
16 21 27 29 #SUP: 3037
18 21 27 29 #SUP: 3104
12 21 27 29 #SUP: 3107
17 21 27 29 #SUP: 3118
12 17 21 27 #SUP: 3491
12 18 21 27 #SUP: 3484
17 18 21 27 #SUP: 3488
16 18 21 27 #SUP: 3407
12 16 21 27 #SUP: 3411
16 17 21 27 #SUP: 3415
16 21 27 31 #SUP: 3233
18 21 27 31 #SUP: 3280
12 21 27 31 #SUP: 3283
17 21 27 31 #SUP: 3294
21 27 31 66 #SUP: 2999
16 21 27 66 #SUP: 3104
18 21 27 66 #SUP: 3177
12 21 27 66 #SUP: 3180
17 21 27 66 #SUP: 3192
12 17 27 66 #SUP: 3298
12 18 27 66 #SUP: 3291
17 18 27 66 #SUP: 3295
16 18 27 66 #SUP: 3206
12 16 27 66 #SUP: 3210
16 17 27 66 #SUP: 3214
16 27 31 66 #SUP: 3034
18 27 31 66 #SUP: 3088
12 27 31 66 #SUP: 3091
17 27 31 66 #SUP: 3102
12 17 27 31 #SUP: 3399
12 18 27 31 #SUP: 3393
17 18 27 31 #SUP: 3396
16 18 27 31 #SUP: 3335
12 16 27 31 #SUP: 3339
16 17 27 31 #SUP: 3342
12 16 17 27 #SUP: 3536
12 16 18 27 #SUP: 3529
16 17 18 27 #SUP: 3532
12 17 18 27 #SUP: 3617
12 17 24 27 #SUP: 2967
12 18 24 27 #SUP: 2961
17 18 24 27 #SUP: 2965
16 18 24 27 #SUP: 2892
12 16 24 27 #SUP: 2895
16 17 24 27 #SUP: 2899
16 24 27 31 #SUP: 2743
18 24 27 31 #SUP: 2789
12 24 27 31 #SUP: 2791
17 24 27 31 #SUP: 2801
16 24 27 66 #SUP: 2622
18 24 27 66 #SUP: 2688
12 24 27 66 #SUP: 2690
17 24 27 66 #SUP: 2701
21 24 27 66 #SUP: 2612
21 24 27 31 #SUP: 2709
16 21 24 27 #SUP: 2807
18 21 24 27 #SUP: 2865
12 21 24 27 #SUP: 2867
17 21 24 27 #SUP: 2878
21 24 27 29 #SUP: 2579
16 24 27 29 #SUP: 2581
18 24 27 29 #SUP: 2643
12 24 27 29 #SUP: 2645
17 24 27 29 #SUP: 2656
16 24 27 43 #SUP: 2552
18 24 27 43 #SUP: 2605
12 24 27 43 #SUP: 2604
17 24 27 43 #SUP: 2614
12 17 24 43 #SUP: 3038
12 18 24 43 #SUP: 3034
17 18 24 43 #SUP: 3039
16 18 24 43 #SUP: 2968
12 16 24 43 #SUP: 2968
16 17 24 43 #SUP: 2973
16 24 31 43 #SUP: 2818
18 24 31 43 #SUP: 2861
12 24 31 43 #SUP: 2860
17 24 31 43 #SUP: 2870
24 31 43 66 #SUP: 2595
16 24 43 66 #SUP: 2681
18 24 43 66 #SUP: 2747
12 24 43 66 #SUP: 2746
17 24 43 66 #SUP: 2757
21 24 31 43 #SUP: 2602
16 21 24 43 #SUP: 2693
18 21 24 43 #SUP: 2749
12 21 24 43 #SUP: 2748
17 21 24 43 #SUP: 2759
16 24 29 43 #SUP: 2634
18 24 29 43 #SUP: 2696
12 24 29 43 #SUP: 2695
17 24 29 43 #SUP: 2706
12 17 24 29 #SUP: 3077
12 18 24 29 #SUP: 3070
17 18 24 29 #SUP: 3076
16 18 24 29 #SUP: 2993
12 16 24 29 #SUP: 2995
16 17 24 29 #SUP: 3001
16 24 29 31 #SUP: 2834
18 24 29 31 #SUP: 2886
12 24 29 31 #SUP: 2887
17 24 29 31 #SUP: 2899
24 29 31 66 #SUP: 2621
16 24 29 66 #SUP: 2705
18 24 29 66 #SUP: 2780
12 24 29 66 #SUP: 2781
17 24 29 66 #SUP: 2794
21 24 29 66 #SUP: 2579
21 24 29 31 #SUP: 2671
16 21 24 29 #SUP: 2763
18 21 24 29 #SUP: 2827
12 21 24 29 #SUP: 2828
17 21 24 29 #SUP: 2841
12 17 21 24 #SUP: 3137
12 18 21 24 #SUP: 3130
17 18 21 24 #SUP: 3136
16 18 21 24 #SUP: 3060
12 16 21 24 #SUP: 3062
16 17 21 24 #SUP: 3068
16 21 24 31 #SUP: 2909
18 21 24 31 #SUP: 2954
12 21 24 31 #SUP: 2955
17 21 24 31 #SUP: 2967
21 24 31 66 #SUP: 2688
16 21 24 66 #SUP: 2775
18 21 24 66 #SUP: 2843
12 21 24 66 #SUP: 2844
17 21 24 66 #SUP: 2857
12 17 24 66 #SUP: 3132
12 18 24 66 #SUP: 3125
17 18 24 66 #SUP: 3131
16 18 24 66 #SUP: 3043
12 16 24 66 #SUP: 3045
16 17 24 66 #SUP: 3051
16 24 31 66 #SUP: 2888
18 24 31 66 #SUP: 2941
12 24 31 66 #SUP: 2942
17 24 31 66 #SUP: 2954
12 17 24 31 #SUP: 3261
12 18 24 31 #SUP: 3255
17 18 24 31 #SUP: 3260
16 18 24 31 #SUP: 3200
12 16 24 31 #SUP: 3202
16 17 24 31 #SUP: 3207
12 16 17 24 #SUP: 3383
12 16 18 24 #SUP: 3376
16 17 18 24 #SUP: 3381
12 17 18 24 #SUP: 3463
12 15 17 24 #SUP: 2687
12 15 18 24 #SUP: 2682
15 17 18 24 #SUP: 2687
15 16 18 24 #SUP: 2621
12 15 16 24 #SUP: 2621
15 16 17 24 #SUP: 2627
15 18 24 31 #SUP: 2548
12 15 24 31 #SUP: 2548
15 17 24 31 #SUP: 2559
12 15 17 27 #SUP: 2865
12 15 18 27 #SUP: 2860
15 17 18 27 #SUP: 2863
15 16 18 27 #SUP: 2800
12 15 16 27 #SUP: 2802
15 16 17 27 #SUP: 2806
15 16 27 31 #SUP: 2671
15 18 27 31 #SUP: 2709
12 15 27 31 #SUP: 2711
15 17 27 31 #SUP: 2721
15 18 27 66 #SUP: 2577
12 15 27 66 #SUP: 2579
15 17 27 66 #SUP: 2590
15 21 27 31 #SUP: 2623
15 16 21 27 #SUP: 2705
15 18 21 27 #SUP: 2756
12 15 21 27 #SUP: 2758
15 17 21 27 #SUP: 2769
15 17 27 29 #SUP: 2546
12 15 17 43 #SUP: 2876
12 15 18 43 #SUP: 2872
15 17 18 43 #SUP: 2876
15 16 18 43 #SUP: 2811
12 15 16 43 #SUP: 2811
15 16 17 43 #SUP: 2816
15 16 31 43 #SUP: 2675
15 18 31 43 #SUP: 2713
12 15 31 43 #SUP: 2713
15 17 31 43 #SUP: 2723
15 18 43 66 #SUP: 2583
12 15 43 66 #SUP: 2583
15 17 43 66 #SUP: 2594
15 16 21 43 #SUP: 2561
15 18 21 43 #SUP: 2611
12 15 21 43 #SUP: 2611
15 17 21 43 #SUP: 2622
15 17 29 43 #SUP: 2552
12 15 17 29 #SUP: 2914
12 15 18 29 #SUP: 2908
15 17 18 29 #SUP: 2913
15 16 18 29 #SUP: 2840
12 15 16 29 #SUP: 2841
15 16 17 29 #SUP: 2847
15 16 29 31 #SUP: 2705
15 18 29 31 #SUP: 2748
12 15 29 31 #SUP: 2749
15 17 29 31 #SUP: 2760
15 16 29 66 #SUP: 2551
15 18 29 66 #SUP: 2617
12 15 29 66 #SUP: 2618
15 17 29 66 #SUP: 2630
15 21 29 31 #SUP: 2548
15 16 21 29 #SUP: 2622
15 18 21 29 #SUP: 2678
12 15 21 29 #SUP: 2679
15 17 21 29 #SUP: 2691
12 15 17 21 #SUP: 2999
12 15 18 21 #SUP: 2993
15 17 18 21 #SUP: 2998
15 16 18 21 #SUP: 2929
12 15 16 21 #SUP: 2930
15 16 17 21 #SUP: 2936
15 16 21 31 #SUP: 2802
15 18 21 31 #SUP: 2840
12 15 21 31 #SUP: 2841
15 17 21 31 #SUP: 2853
15 21 31 66 #SUP: 2571
15 16 21 66 #SUP: 2641
15 18 21 66 #SUP: 2703
12 15 21 66 #SUP: 2704
15 17 21 66 #SUP: 2717
12 15 17 66 #SUP: 2968
12 15 18 66 #SUP: 2962
15 17 18 66 #SUP: 2967
15 16 18 66 #SUP: 2887
12 15 16 66 #SUP: 2888
15 16 17 66 #SUP: 2894
15 16 31 66 #SUP: 2753
15 18 31 66 #SUP: 2798
12 15 31 66 #SUP: 2799
15 17 31 66 #SUP: 2811
12 15 17 31 #SUP: 3117
12 15 18 31 #SUP: 3112
15 17 18 31 #SUP: 3116
15 16 18 31 #SUP: 3065
12 15 16 31 #SUP: 3066
15 16 17 31 #SUP: 3071
12 15 16 17 #SUP: 3226
12 15 16 18 #SUP: 3220
15 16 17 18 #SUP: 3225
12 15 17 18 #SUP: 3300
12 15 17 41 #SUP: 2607
12 15 18 41 #SUP: 2602
15 17 18 41 #SUP: 2604
15 16 18 41 #SUP: 2553
12 15 16 41 #SUP: 2556
15 16 17 41 #SUP: 2559
12 17 24 41 #SUP: 2707
12 18 24 41 #SUP: 2701
17 18 24 41 #SUP: 2703
16 18 24 41 #SUP: 2647
12 16 24 41 #SUP: 2651
16 17 24 41 #SUP: 2654
16 24 31 41 #SUP: 2593
18 24 31 41 #SUP: 2629
12 24 31 41 #SUP: 2633
17 24 31 41 #SUP: 2642
12 17 27 41 #SUP: 2849
12 18 27 41 #SUP: 2843
17 18 27 41 #SUP: 2843
16 18 27 41 #SUP: 2786
12 16 27 41 #SUP: 2792
16 17 27 41 #SUP: 2793
16 27 31 41 #SUP: 2718
18 27 31 41 #SUP: 2754
12 27 31 41 #SUP: 2760
17 27 31 41 #SUP: 2767
18 27 41 66 #SUP: 2581
12 27 41 66 #SUP: 2587
17 27 41 66 #SUP: 2594
21 27 31 41 #SUP: 2680
16 21 27 41 #SUP: 2704
18 21 27 41 #SUP: 2749
12 21 27 41 #SUP: 2755
17 21 27 41 #SUP: 2762
12 27 29 41 #SUP: 2548
17 27 29 41 #SUP: 2555
12 17 41 43 #SUP: 2872
12 18 41 43 #SUP: 2868
17 18 41 43 #SUP: 2869
16 18 41 43 #SUP: 2816
12 16 41 43 #SUP: 2819
16 17 41 43 #SUP: 2821
16 31 41 43 #SUP: 2750
18 31 41 43 #SUP: 2784
12 31 41 43 #SUP: 2787
17 31 41 43 #SUP: 2794
16 41 43 66 #SUP: 2548
18 41 43 66 #SUP: 2596
12 41 43 66 #SUP: 2599
17 41 43 66 #SUP: 2606
21 31 41 43 #SUP: 2560
16 21 41 43 #SUP: 2575
18 21 41 43 #SUP: 2616
12 21 41 43 #SUP: 2619
17 21 41 43 #SUP: 2626
18 29 41 43 #SUP: 2561
12 29 41 43 #SUP: 2564
17 29 41 43 #SUP: 2571
12 17 29 41 #SUP: 2926
12 18 29 41 #SUP: 2919
17 18 29 41 #SUP: 2921
16 18 29 41 #SUP: 2856
12 16 29 41 #SUP: 2861
16 17 29 41 #SUP: 2864
16 29 31 41 #SUP: 2782
18 29 31 41 #SUP: 2824
12 29 31 41 #SUP: 2829
17 29 31 41 #SUP: 2838
29 31 41 66 #SUP: 2572
16 29 41 66 #SUP: 2589
18 29 41 66 #SUP: 2646
12 29 41 66 #SUP: 2651
17 29 41 66 #SUP: 2660
21 29 31 41 #SUP: 2631
16 21 29 41 #SUP: 2650
18 21 29 41 #SUP: 2700
12 21 29 41 #SUP: 2705
17 21 29 41 #SUP: 2714
12 17 21 41 #SUP: 2997
12 18 21 41 #SUP: 2990
17 18 21 41 #SUP: 2992
16 18 21 41 #SUP: 2932
12 16 21 41 #SUP: 2937
16 17 21 41 #SUP: 2940
16 21 31 41 #SUP: 2865
18 21 31 41 #SUP: 2903
12 21 31 41 #SUP: 2908
17 21 31 41 #SUP: 2917
21 31 41 66 #SUP: 2651
16 21 41 66 #SUP: 2668
18 21 41 66 #SUP: 2720
12 21 41 66 #SUP: 2725
17 21 41 66 #SUP: 2734
12 17 41 66 #SUP: 2970
12 18 41 66 #SUP: 2963
17 18 41 66 #SUP: 2965
16 18 41 66 #SUP: 2897
12 16 41 66 #SUP: 2902
16 17 41 66 #SUP: 2905
16 31 41 66 #SUP: 2823
18 31 41 66 #SUP: 2866
12 31 41 66 #SUP: 2871
17 31 41 66 #SUP: 2880
12 17 31 41 #SUP: 3174
12 18 31 41 #SUP: 3167
17 18 31 41 #SUP: 3169
16 18 31 41 #SUP: 3118
12 16 31 41 #SUP: 3123
16 17 31 41 #SUP: 3126
12 16 17 41 #SUP: 3215
12 16 18 41 #SUP: 3208
16 17 18 41 #SUP: 3210
12 17 18 41 #SUP: 3276
12 17 28 41 #SUP: 2594
12 18 28 41 #SUP: 2587
17 18 28 41 #SUP: 2588
12 15 17 28 #SUP: 2566
12 15 18 28 #SUP: 2560
15 17 18 28 #SUP: 2563
12 17 24 28 #SUP: 2667
12 18 24 28 #SUP: 2660
17 18 24 28 #SUP: 2664
16 18 24 28 #SUP: 2580
12 16 24 28 #SUP: 2584
16 17 24 28 #SUP: 2587
18 24 28 31 #SUP: 2547
12 24 28 31 #SUP: 2550
17 24 28 31 #SUP: 2553
12 17 27 28 #SUP: 2749
12 18 27 28 #SUP: 2742
17 18 27 28 #SUP: 2745
16 18 27 28 #SUP: 2660
12 16 27 28 #SUP: 2665
16 17 27 28 #SUP: 2667
16 27 28 31 #SUP: 2558
18 27 28 31 #SUP: 2609
12 27 28 31 #SUP: 2613
17 27 28 31 #SUP: 2616
16 21 27 28 #SUP: 2558
18 21 27 28 #SUP: 2628
12 21 27 28 #SUP: 2632
17 21 27 28 #SUP: 2636
12 17 28 43 #SUP: 2843
12 18 28 43 #SUP: 2838
17 18 28 43 #SUP: 2841
16 18 28 43 #SUP: 2757
12 16 28 43 #SUP: 2760
16 17 28 43 #SUP: 2762
16 28 31 43 #SUP: 2649
18 28 31 43 #SUP: 2698
12 28 31 43 #SUP: 2700
17 28 31 43 #SUP: 2703
12 17 28 29 #SUP: 2831
12 18 28 29 #SUP: 2823
17 18 28 29 #SUP: 2827
16 18 28 29 #SUP: 2731
12 16 28 29 #SUP: 2736
16 17 28 29 #SUP: 2739
16 28 29 31 #SUP: 2622
18 28 29 31 #SUP: 2679
12 28 29 31 #SUP: 2683
17 28 29 31 #SUP: 2686
18 21 28 29 #SUP: 2568
12 21 28 29 #SUP: 2572
17 21 28 29 #SUP: 2576
12 17 21 28 #SUP: 2907
12 18 21 28 #SUP: 2899
17 18 21 28 #SUP: 2903
16 18 21 28 #SUP: 2813
12 16 21 28 #SUP: 2818
16 17 21 28 #SUP: 2821
16 21 28 31 #SUP: 2713
18 21 28 31 #SUP: 2764
12 21 28 31 #SUP: 2768
17 21 28 31 #SUP: 2772
18 21 28 66 #SUP: 2594
12 21 28 66 #SUP: 2598
17 21 28 66 #SUP: 2603
12 17 28 66 #SUP: 2905
12 18 28 66 #SUP: 2897
17 18 28 66 #SUP: 2901
16 18 28 66 #SUP: 2798
12 16 28 66 #SUP: 2803
16 17 28 66 #SUP: 2806
16 28 31 66 #SUP: 2689
18 28 31 66 #SUP: 2748
12 28 31 66 #SUP: 2752
17 28 31 66 #SUP: 2756
12 17 28 31 #SUP: 3090
12 18 28 31 #SUP: 3083
17 18 28 31 #SUP: 3086
16 18 28 31 #SUP: 3020
12 16 28 31 #SUP: 3025
16 17 28 31 #SUP: 3027
12 16 17 28 #SUP: 3158
12 16 18 28 #SUP: 3150
16 17 18 28 #SUP: 3153
12 17 18 28 #SUP: 3252
12 17 25 28 #SUP: 2551
12 18 25 28 #SUP: 2546
17 18 25 28 #SUP: 2549
12 17 24 25 #SUP: 2632
12 18 24 25 #SUP: 2628
17 18 24 25 #SUP: 2633
16 18 24 25 #SUP: 2570
12 16 24 25 #SUP: 2570
16 17 24 25 #SUP: 2575
12 17 25 27 #SUP: 2657
12 18 25 27 #SUP: 2653
17 18 25 27 #SUP: 2656
16 18 25 27 #SUP: 2593
12 16 25 27 #SUP: 2595
16 17 25 27 #SUP: 2598
17 21 25 27 #SUP: 2554
12 17 25 43 #SUP: 2799
12 18 25 43 #SUP: 2796
17 18 25 43 #SUP: 2800
16 18 25 43 #SUP: 2737
12 16 25 43 #SUP: 2737
16 17 25 43 #SUP: 2741
16 25 31 43 #SUP: 2572
18 25 31 43 #SUP: 2611
12 25 31 43 #SUP: 2610
17 25 31 43 #SUP: 2620
12 17 25 29 #SUP: 2778
12 18 25 29 #SUP: 2773
17 18 25 29 #SUP: 2778
16 18 25 29 #SUP: 2706
12 16 25 29 #SUP: 2707
16 17 25 29 #SUP: 2712
18 25 29 31 #SUP: 2579
12 25 29 31 #SUP: 2579
17 25 29 31 #SUP: 2590
12 17 21 25 #SUP: 2821
12 18 21 25 #SUP: 2816
17 18 21 25 #SUP: 2821
16 18 21 25 #SUP: 2754
12 16 21 25 #SUP: 2755
16 17 21 25 #SUP: 2760
16 21 25 31 #SUP: 2594
18 21 25 31 #SUP: 2633
12 21 25 31 #SUP: 2633
17 21 25 31 #SUP: 2645
18 21 25 66 #SUP: 2555
12 21 25 66 #SUP: 2555
17 21 25 66 #SUP: 2568
12 17 25 66 #SUP: 2876
12 18 25 66 #SUP: 2871
17 18 25 66 #SUP: 2876
16 18 25 66 #SUP: 2798
12 16 25 66 #SUP: 2799
16 17 25 66 #SUP: 2804
16 25 31 66 #SUP: 2624
18 25 31 66 #SUP: 2670
12 25 31 66 #SUP: 2670
17 25 31 66 #SUP: 2682
12 17 25 31 #SUP: 2964
12 18 25 31 #SUP: 2960
17 18 25 31 #SUP: 2964
16 18 25 31 #SUP: 2913
12 16 25 31 #SUP: 2914
16 17 25 31 #SUP: 2918
12 16 17 25 #SUP: 3112
12 16 18 25 #SUP: 3107
16 17 18 25 #SUP: 3111
12 17 18 25 #SUP: 3184
12 17 41 59 #SUP: 2730
12 18 41 59 #SUP: 2723
17 18 41 59 #SUP: 2724
16 18 41 59 #SUP: 2675
12 16 41 59 #SUP: 2681
16 17 41 59 #SUP: 2682
16 31 41 59 #SUP: 2629
18 31 41 59 #SUP: 2665
12 31 41 59 #SUP: 2671
17 31 41 59 #SUP: 2672
12 17 24 59 #SUP: 2592
12 18 24 59 #SUP: 2586
17 18 24 59 #SUP: 2589
12 16 24 59 #SUP: 2547
16 17 24 59 #SUP: 2549
12 24 31 59 #SUP: 2546
17 24 31 59 #SUP: 2549
12 17 27 59 #SUP: 2742
12 18 27 59 #SUP: 2736
17 18 27 59 #SUP: 2738
16 18 27 59 #SUP: 2690
12 16 27 59 #SUP: 2695
16 17 27 59 #SUP: 2696
16 27 31 59 #SUP: 2641
18 27 31 59 #SUP: 2676
12 27 31 59 #SUP: 2680
17 27 31 59 #SUP: 2682
21 27 31 59 #SUP: 2586
16 21 27 59 #SUP: 2599
18 21 27 59 #SUP: 2636
12 21 27 59 #SUP: 2640
17 21 27 59 #SUP: 2642
12 17 43 59 #SUP: 2794
12 18 43 59 #SUP: 2790
17 18 43 59 #SUP: 2793
16 18 43 59 #SUP: 2752
12 16 43 59 #SUP: 2754
16 17 43 59 #SUP: 2756
16 31 43 59 #SUP: 2702
18 31 43 59 #SUP: 2733
12 31 43 59 #SUP: 2734
17 31 43 59 #SUP: 2737
18 21 43 59 #SUP: 2568
12 21 43 59 #SUP: 2569
17 21 43 59 #SUP: 2572
12 17 29 59 #SUP: 2776
12 18 29 59 #SUP: 2769
17 18 29 59 #SUP: 2772
16 18 29 59 #SUP: 2720
12 16 29 59 #SUP: 2725
16 17 29 59 #SUP: 2727
16 29 31 59 #SUP: 2668
18 29 31 59 #SUP: 2707
12 29 31 59 #SUP: 2711
17 29 31 59 #SUP: 2714
18 21 29 59 #SUP: 2582
12 21 29 59 #SUP: 2586
17 21 29 59 #SUP: 2589
12 17 21 59 #SUP: 2869
12 18 21 59 #SUP: 2862
17 18 21 59 #SUP: 2865
16 18 21 59 #SUP: 2817
12 16 21 59 #SUP: 2822
16 17 21 59 #SUP: 2824
16 21 31 59 #SUP: 2773
18 21 31 59 #SUP: 2807
12 21 31 59 #SUP: 2811
17 21 31 59 #SUP: 2814
18 21 59 66 #SUP: 2585
12 21 59 66 #SUP: 2589
17 21 59 66 #SUP: 2592
12 17 59 66 #SUP: 2805
12 18 59 66 #SUP: 2798
17 18 59 66 #SUP: 2801
16 18 59 66 #SUP: 2747
12 16 59 66 #SUP: 2752
16 17 59 66 #SUP: 2754
16 31 59 66 #SUP: 2698
18 31 59 66 #SUP: 2738
12 31 59 66 #SUP: 2742
17 31 59 66 #SUP: 2745
12 17 31 59 #SUP: 3047
12 18 31 59 #SUP: 3040
17 18 31 59 #SUP: 3043
16 18 31 59 #SUP: 2996
12 16 31 59 #SUP: 3001
16 17 31 59 #SUP: 3003
12 16 17 59 #SUP: 3066
12 16 18 59 #SUP: 3059
16 17 18 59 #SUP: 3061
12 17 18 59 #SUP: 3112
8 12 17 24 #SUP: 2990
8 12 18 24 #SUP: 2984
8 17 18 24 #SUP: 2990
8 16 18 24 #SUP: 2920
8 12 16 24 #SUP: 2921
8 16 17 24 #SUP: 2927
8 16 24 31 #SUP: 2771
8 18 24 31 #SUP: 2814
8 12 24 31 #SUP: 2814
8 17 24 31 #SUP: 2826
8 16 24 66 #SUP: 2619
8 18 24 66 #SUP: 2682
8 12 24 66 #SUP: 2682
8 17 24 66 #SUP: 2695
8 21 24 31 #SUP: 2546
8 16 21 24 #SUP: 2633
8 18 21 24 #SUP: 2686
8 12 21 24 #SUP: 2686
8 17 21 24 #SUP: 2699
8 16 24 29 #SUP: 2602
8 18 24 29 #SUP: 2660
8 12 24 29 #SUP: 2660
8 17 24 29 #SUP: 2673
8 16 24 43 #SUP: 2576
8 18 24 43 #SUP: 2626
8 12 24 43 #SUP: 2625
8 17 24 43 #SUP: 2636
8 17 24 27 #SUP: 2549
8 12 17 27 #SUP: 2564
8 12 18 27 #SUP: 2559
8 17 18 27 #SUP: 2563
8 12 17 43 #SUP: 2653
8 12 18 43 #SUP: 2649
8 17 18 43 #SUP: 2654
8 16 18 43 #SUP: 2599
8 12 16 43 #SUP: 2599
8 16 17 43 #SUP: 2604
8 12 17 29 #SUP: 2687
8 12 18 29 #SUP: 2681
8 17 18 29 #SUP: 2687
8 16 18 29 #SUP: 2622
8 12 16 29 #SUP: 2623
8 16 17 29 #SUP: 2629
8 12 17 21 #SUP: 2715
8 12 18 21 #SUP: 2709
8 17 18 21 #SUP: 2715
8 16 18 21 #SUP: 2655
8 12 16 21 #SUP: 2656
8 16 17 21 #SUP: 2662
8 18 21 31 #SUP: 2561
8 12 21 31 #SUP: 2561
8 17 21 31 #SUP: 2573
8 12 17 66 #SUP: 2710
8 12 18 66 #SUP: 2704
8 17 18 66 #SUP: 2710
8 16 18 66 #SUP: 2640
8 12 16 66 #SUP: 2641
8 16 17 66 #SUP: 2647
8 18 31 66 #SUP: 2551
8 12 31 66 #SUP: 2551
8 17 31 66 #SUP: 2563
8 12 17 31 #SUP: 2843
8 12 18 31 #SUP: 2838
8 17 18 31 #SUP: 2843
8 16 18 31 #SUP: 2794
8 12 16 31 #SUP: 2795
8 16 17 31 #SUP: 2800
8 12 16 17 #SUP: 2952
8 12 16 18 #SUP: 2946
8 16 17 18 #SUP: 2951
8 12 17 18 #SUP: 3015
12 17 22 31 #SUP: 2684
12 18 22 31 #SUP: 2680
17 18 22 31 #SUP: 2682
16 18 22 31 #SUP: 2646
12 16 22 31 #SUP: 2649
16 17 22 31 #SUP: 2650
12 16 17 22 #SUP: 2754
12 16 18 22 #SUP: 2750
16 17 18 22 #SUP: 2752
12 17 18 22 #SUP: 2800
12 16 17 63 #SUP: 2608
12 16 18 63 #SUP: 2603
16 17 18 63 #SUP: 2605
12 17 18 63 #SUP: 2680
12 14 16 17 #SUP: 2626
12 14 16 18 #SUP: 2624
14 16 17 18 #SUP: 2628
12 14 17 18 #SUP: 2650
12 14 16 17 18 #SUP: 2624
12 16 17 18 63 #SUP: 2603
12 16 17 18 22 #SUP: 2750
12 16 17 22 31 #SUP: 2649
12 16 18 22 31 #SUP: 2645
16 17 18 22 31 #SUP: 2646
12 17 18 22 31 #SUP: 2680
8 12 16 17 18 #SUP: 2946
8 12 16 17 31 #SUP: 2795
8 12 16 18 31 #SUP: 2790
8 16 17 18 31 #SUP: 2794
8 12 17 18 31 #SUP: 2838
8 12 17 31 66 #SUP: 2551
8 12 18 31 66 #SUP: 2546
8 17 18 31 66 #SUP: 2551
8 12 16 17 66 #SUP: 2641
8 12 16 18 66 #SUP: 2635
8 16 17 18 66 #SUP: 2640
8 12 17 18 66 #SUP: 2704
8 12 17 21 31 #SUP: 2561
8 12 18 21 31 #SUP: 2556
8 17 18 21 31 #SUP: 2561
8 12 16 17 21 #SUP: 2656
8 12 16 18 21 #SUP: 2650
8 16 17 18 21 #SUP: 2655
8 12 17 18 21 #SUP: 2709
8 12 16 17 29 #SUP: 2623
8 12 16 18 29 #SUP: 2617
8 16 17 18 29 #SUP: 2622
8 12 17 18 29 #SUP: 2681
8 12 16 17 43 #SUP: 2599
8 12 16 18 43 #SUP: 2595
8 16 17 18 43 #SUP: 2599
8 12 17 18 43 #SUP: 2649
8 12 17 18 27 #SUP: 2559
8 12 17 24 43 #SUP: 2625
8 12 18 24 43 #SUP: 2621
8 17 18 24 43 #SUP: 2626
8 16 18 24 43 #SUP: 2571
8 12 16 24 43 #SUP: 2571
8 16 17 24 43 #SUP: 2576
8 12 17 24 29 #SUP: 2660
8 12 18 24 29 #SUP: 2654
8 17 18 24 29 #SUP: 2660
8 16 18 24 29 #SUP: 2595
8 12 16 24 29 #SUP: 2596
8 16 17 24 29 #SUP: 2602
8 12 17 21 24 #SUP: 2686
8 12 18 21 24 #SUP: 2680
8 17 18 21 24 #SUP: 2686
8 16 18 21 24 #SUP: 2626
8 12 16 21 24 #SUP: 2627
8 16 17 21 24 #SUP: 2633
8 17 21 24 31 #SUP: 2546
8 12 17 24 66 #SUP: 2682
8 12 18 24 66 #SUP: 2676
8 17 18 24 66 #SUP: 2682
8 16 18 24 66 #SUP: 2612
8 12 16 24 66 #SUP: 2613
8 16 17 24 66 #SUP: 2619
8 12 17 24 31 #SUP: 2814
8 12 18 24 31 #SUP: 2809
8 17 18 24 31 #SUP: 2814
8 16 18 24 31 #SUP: 2765
8 12 16 24 31 #SUP: 2766
8 16 17 24 31 #SUP: 2771
8 12 16 17 24 #SUP: 2921
8 12 16 18 24 #SUP: 2915
8 16 17 18 24 #SUP: 2920
8 12 17 18 24 #SUP: 2984
12 16 17 18 59 #SUP: 3059
12 16 17 31 59 #SUP: 3001
12 16 18 31 59 #SUP: 2994
16 17 18 31 59 #SUP: 2996
12 17 18 31 59 #SUP: 3040
12 17 31 59 66 #SUP: 2742
12 18 31 59 66 #SUP: 2735
17 18 31 59 66 #SUP: 2738
16 18 31 59 66 #SUP: 2691
12 16 31 59 66 #SUP: 2696
16 17 31 59 66 #SUP: 2698
12 16 17 59 66 #SUP: 2752
12 16 18 59 66 #SUP: 2745
16 17 18 59 66 #SUP: 2747
12 17 18 59 66 #SUP: 2798
12 17 21 59 66 #SUP: 2589
12 18 21 59 66 #SUP: 2582
17 18 21 59 66 #SUP: 2585
12 17 21 31 59 #SUP: 2811
12 18 21 31 59 #SUP: 2804
17 18 21 31 59 #SUP: 2807
16 18 21 31 59 #SUP: 2766
12 16 21 31 59 #SUP: 2771
16 17 21 31 59 #SUP: 2773
12 16 17 21 59 #SUP: 2822
12 16 18 21 59 #SUP: 2815
16 17 18 21 59 #SUP: 2817
12 17 18 21 59 #SUP: 2862
12 17 21 29 59 #SUP: 2586
12 18 21 29 59 #SUP: 2579
17 18 21 29 59 #SUP: 2582
12 17 29 31 59 #SUP: 2711
12 18 29 31 59 #SUP: 2704
17 18 29 31 59 #SUP: 2707
16 18 29 31 59 #SUP: 2661
12 16 29 31 59 #SUP: 2666
16 17 29 31 59 #SUP: 2668
12 16 17 29 59 #SUP: 2725
12 16 18 29 59 #SUP: 2718
16 17 18 29 59 #SUP: 2720
12 17 18 29 59 #SUP: 2769
12 17 21 43 59 #SUP: 2569
12 18 21 43 59 #SUP: 2565
17 18 21 43 59 #SUP: 2568
12 17 31 43 59 #SUP: 2734
12 18 31 43 59 #SUP: 2730
17 18 31 43 59 #SUP: 2733
16 18 31 43 59 #SUP: 2698
12 16 31 43 59 #SUP: 2700
16 17 31 43 59 #SUP: 2702
12 16 17 43 59 #SUP: 2754
12 16 18 43 59 #SUP: 2750
16 17 18 43 59 #SUP: 2752
12 17 18 43 59 #SUP: 2790
12 17 21 27 59 #SUP: 2640
12 18 21 27 59 #SUP: 2634
17 18 21 27 59 #SUP: 2636
16 18 21 27 59 #SUP: 2593
12 16 21 27 59 #SUP: 2598
16 17 21 27 59 #SUP: 2599
16 21 27 31 59 #SUP: 2550
18 21 27 31 59 #SUP: 2580
12 21 27 31 59 #SUP: 2584
17 21 27 31 59 #SUP: 2586
12 17 27 31 59 #SUP: 2680
12 18 27 31 59 #SUP: 2674
17 18 27 31 59 #SUP: 2676
16 18 27 31 59 #SUP: 2635
12 16 27 31 59 #SUP: 2640
16 17 27 31 59 #SUP: 2641
12 16 17 27 59 #SUP: 2695
12 16 18 27 59 #SUP: 2689
16 17 18 27 59 #SUP: 2690
12 17 18 27 59 #SUP: 2736
12 17 24 31 59 #SUP: 2546
12 16 17 24 59 #SUP: 2547
12 17 18 24 59 #SUP: 2586
12 17 31 41 59 #SUP: 2671
12 18 31 41 59 #SUP: 2664
17 18 31 41 59 #SUP: 2665
16 18 31 41 59 #SUP: 2622
12 16 31 41 59 #SUP: 2628
16 17 31 41 59 #SUP: 2629
12 16 17 41 59 #SUP: 2681
12 16 18 41 59 #SUP: 2674
16 17 18 41 59 #SUP: 2675
12 17 18 41 59 #SUP: 2723
12 16 17 18 25 #SUP: 3107
12 16 17 25 31 #SUP: 2914
12 16 18 25 31 #SUP: 2910
16 17 18 25 31 #SUP: 2913
12 17 18 25 31 #SUP: 2960
12 17 25 31 66 #SUP: 2670
12 18 25 31 66 #SUP: 2666
17 18 25 31 66 #SUP: 2670
16 18 25 31 66 #SUP: 2619
12 16 25 31 66 #SUP: 2620
16 17 25 31 66 #SUP: 2624
12 16 17 25 66 #SUP: 2799
12 16 18 25 66 #SUP: 2794
16 17 18 25 66 #SUP: 2798
12 17 18 25 66 #SUP: 2871
12 17 21 25 66 #SUP: 2555
12 18 21 25 66 #SUP: 2550
17 18 21 25 66 #SUP: 2555
12 17 21 25 31 #SUP: 2633
12 18 21 25 31 #SUP: 2629
17 18 21 25 31 #SUP: 2633
16 18 21 25 31 #SUP: 2589
12 16 21 25 31 #SUP: 2590
16 17 21 25 31 #SUP: 2594
12 16 17 21 25 #SUP: 2755
12 16 18 21 25 #SUP: 2750
16 17 18 21 25 #SUP: 2754
12 17 18 21 25 #SUP: 2816
12 17 25 29 31 #SUP: 2579
12 18 25 29 31 #SUP: 2575
17 18 25 29 31 #SUP: 2579
12 16 17 25 29 #SUP: 2707
12 16 18 25 29 #SUP: 2702
16 17 18 25 29 #SUP: 2706
12 17 18 25 29 #SUP: 2773
12 17 25 31 43 #SUP: 2610
12 18 25 31 43 #SUP: 2608
17 18 25 31 43 #SUP: 2611
16 18 25 31 43 #SUP: 2569
12 16 25 31 43 #SUP: 2569
16 17 25 31 43 #SUP: 2572
12 16 17 25 43 #SUP: 2737
12 16 18 25 43 #SUP: 2734
16 17 18 25 43 #SUP: 2737
12 17 18 25 43 #SUP: 2796
12 16 17 25 27 #SUP: 2595
12 16 18 25 27 #SUP: 2591
16 17 18 25 27 #SUP: 2593
12 17 18 25 27 #SUP: 2653
12 16 17 24 25 #SUP: 2570
12 16 18 24 25 #SUP: 2566
16 17 18 24 25 #SUP: 2570
12 17 18 24 25 #SUP: 2628
12 17 18 25 28 #SUP: 2546
12 16 17 18 28 #SUP: 3150
12 16 17 28 31 #SUP: 3025
12 16 18 28 31 #SUP: 3018
16 17 18 28 31 #SUP: 3020
12 17 18 28 31 #SUP: 3083
12 17 28 31 66 #SUP: 2752
12 18 28 31 66 #SUP: 2745
17 18 28 31 66 #SUP: 2748
16 18 28 31 66 #SUP: 2682
12 16 28 31 66 #SUP: 2687
16 17 28 31 66 #SUP: 2689
12 16 17 28 66 #SUP: 2803
12 16 18 28 66 #SUP: 2795
16 17 18 28 66 #SUP: 2798
12 17 18 28 66 #SUP: 2897
12 17 21 28 66 #SUP: 2598
12 18 21 28 66 #SUP: 2590
17 18 21 28 66 #SUP: 2594
12 17 21 28 31 #SUP: 2768
12 18 21 28 31 #SUP: 2761
17 18 21 28 31 #SUP: 2764
16 18 21 28 31 #SUP: 2706
12 16 21 28 31 #SUP: 2711
16 17 21 28 31 #SUP: 2713
12 16 17 21 28 #SUP: 2818
12 16 18 21 28 #SUP: 2810
16 17 18 21 28 #SUP: 2813
12 17 18 21 28 #SUP: 2899
12 17 21 28 29 #SUP: 2572
12 18 21 28 29 #SUP: 2564
17 18 21 28 29 #SUP: 2568
12 17 28 29 31 #SUP: 2683
12 18 28 29 31 #SUP: 2676
17 18 28 29 31 #SUP: 2679
16 18 28 29 31 #SUP: 2615
12 16 28 29 31 #SUP: 2620
16 17 28 29 31 #SUP: 2622
12 16 17 28 29 #SUP: 2736
12 16 18 28 29 #SUP: 2728
16 17 18 28 29 #SUP: 2731
12 17 18 28 29 #SUP: 2823
12 17 28 31 43 #SUP: 2700
12 18 28 31 43 #SUP: 2696
17 18 28 31 43 #SUP: 2698
16 18 28 31 43 #SUP: 2645
12 16 28 31 43 #SUP: 2648
16 17 28 31 43 #SUP: 2649
12 16 17 28 43 #SUP: 2760
12 16 18 28 43 #SUP: 2755
16 17 18 28 43 #SUP: 2757
12 17 18 28 43 #SUP: 2838
12 17 21 27 28 #SUP: 2632
12 18 21 27 28 #SUP: 2625
17 18 21 27 28 #SUP: 2628
16 18 21 27 28 #SUP: 2551
12 16 21 27 28 #SUP: 2556
16 17 21 27 28 #SUP: 2558
12 17 27 28 31 #SUP: 2613
12 18 27 28 31 #SUP: 2607
17 18 27 28 31 #SUP: 2609
16 18 27 28 31 #SUP: 2552
12 16 27 28 31 #SUP: 2557
16 17 27 28 31 #SUP: 2558
12 16 17 27 28 #SUP: 2665
12 16 18 27 28 #SUP: 2658
16 17 18 27 28 #SUP: 2660
12 17 18 27 28 #SUP: 2742
12 17 24 28 31 #SUP: 2550
17 18 24 28 31 #SUP: 2547
12 16 17 24 28 #SUP: 2584
12 16 18 24 28 #SUP: 2577
16 17 18 24 28 #SUP: 2580
12 17 18 24 28 #SUP: 2660
12 15 17 18 28 #SUP: 2560
12 17 18 28 41 #SUP: 2587
12 16 17 18 41 #SUP: 3208
12 16 17 31 41 #SUP: 3123
12 16 18 31 41 #SUP: 3116
16 17 18 31 41 #SUP: 3118
12 17 18 31 41 #SUP: 3167
12 17 31 41 66 #SUP: 2871
12 18 31 41 66 #SUP: 2864
17 18 31 41 66 #SUP: 2866
16 18 31 41 66 #SUP: 2815
12 16 31 41 66 #SUP: 2820
16 17 31 41 66 #SUP: 2823
12 16 17 41 66 #SUP: 2902
12 16 18 41 66 #SUP: 2895
16 17 18 41 66 #SUP: 2897
12 17 18 41 66 #SUP: 2963
12 17 21 41 66 #SUP: 2725
12 18 21 41 66 #SUP: 2718
17 18 21 41 66 #SUP: 2720
16 18 21 41 66 #SUP: 2660
12 16 21 41 66 #SUP: 2665
16 17 21 41 66 #SUP: 2668
16 21 31 41 66 #SUP: 2599
18 21 31 41 66 #SUP: 2637
12 21 31 41 66 #SUP: 2642
17 21 31 41 66 #SUP: 2651
12 17 21 31 41 #SUP: 2908
12 18 21 31 41 #SUP: 2901
17 18 21 31 41 #SUP: 2903
16 18 21 31 41 #SUP: 2857
12 16 21 31 41 #SUP: 2862
16 17 21 31 41 #SUP: 2865
12 16 17 21 41 #SUP: 2937
12 16 18 21 41 #SUP: 2930
16 17 18 21 41 #SUP: 2932
12 17 18 21 41 #SUP: 2990
12 17 21 29 41 #SUP: 2705
12 18 21 29 41 #SUP: 2698
17 18 21 29 41 #SUP: 2700
16 18 21 29 41 #SUP: 2642
12 16 21 29 41 #SUP: 2647
16 17 21 29 41 #SUP: 2650
16 21 29 31 41 #SUP: 2580
18 21 29 31 41 #SUP: 2617
12 21 29 31 41 #SUP: 2622
17 21 29 31 41 #SUP: 2631
12 17 29 41 66 #SUP: 2651
12 18 29 41 66 #SUP: 2644
17 18 29 41 66 #SUP: 2646
16 18 29 41 66 #SUP: 2581
12 16 29 41 66 #SUP: 2586
16 17 29 41 66 #SUP: 2589
18 29 31 41 66 #SUP: 2558
12 29 31 41 66 #SUP: 2563
17 29 31 41 66 #SUP: 2572
12 17 29 31 41 #SUP: 2829
12 18 29 31 41 #SUP: 2822
17 18 29 31 41 #SUP: 2824
16 18 29 31 41 #SUP: 2774
12 16 29 31 41 #SUP: 2779
16 17 29 31 41 #SUP: 2782
12 16 17 29 41 #SUP: 2861
12 16 18 29 41 #SUP: 2854
16 17 18 29 41 #SUP: 2856
12 17 18 29 41 #SUP: 2919
12 17 29 41 43 #SUP: 2564
12 18 29 41 43 #SUP: 2560
17 18 29 41 43 #SUP: 2561
12 17 21 41 43 #SUP: 2619
12 18 21 41 43 #SUP: 2615
17 18 21 41 43 #SUP: 2616
16 18 21 41 43 #SUP: 2570
12 16 21 41 43 #SUP: 2573
16 17 21 41 43 #SUP: 2575
18 21 31 41 43 #SUP: 2550
12 21 31 41 43 #SUP: 2553
17 21 31 41 43 #SUP: 2560
12 17 41 43 66 #SUP: 2599
12 18 41 43 66 #SUP: 2595
17 18 41 43 66 #SUP: 2596
12 16 41 43 66 #SUP: 2546
16 17 41 43 66 #SUP: 2548
12 17 31 41 43 #SUP: 2787
12 18 31 41 43 #SUP: 2783
17 18 31 41 43 #SUP: 2784
16 18 31 41 43 #SUP: 2745
12 16 31 41 43 #SUP: 2748
16 17 31 41 43 #SUP: 2750
12 16 17 41 43 #SUP: 2819
12 16 18 41 43 #SUP: 2815
16 17 18 41 43 #SUP: 2816
12 17 18 41 43 #SUP: 2868
12 17 27 29 41 #SUP: 2548
12 17 21 27 41 #SUP: 2755
12 18 21 27 41 #SUP: 2749
17 18 21 27 41 #SUP: 2749
16 18 21 27 41 #SUP: 2697
12 16 21 27 41 #SUP: 2703
16 17 21 27 41 #SUP: 2704
16 21 27 31 41 #SUP: 2635
18 21 27 31 41 #SUP: 2667
12 21 27 31 41 #SUP: 2673
17 21 27 31 41 #SUP: 2680
12 17 27 41 66 #SUP: 2587
12 18 27 41 66 #SUP: 2581
17 18 27 41 66 #SUP: 2581
12 17 27 31 41 #SUP: 2760
12 18 27 31 41 #SUP: 2754
17 18 27 31 41 #SUP: 2754
16 18 27 31 41 #SUP: 2711
12 16 27 31 41 #SUP: 2717
16 17 27 31 41 #SUP: 2718
12 16 17 27 41 #SUP: 2792
12 16 18 27 41 #SUP: 2786
16 17 18 27 41 #SUP: 2786
12 17 18 27 41 #SUP: 2843
12 17 24 31 41 #SUP: 2633
12 18 24 31 41 #SUP: 2627
17 18 24 31 41 #SUP: 2629
16 18 24 31 41 #SUP: 2586
12 16 24 31 41 #SUP: 2590
16 17 24 31 41 #SUP: 2593
12 16 17 24 41 #SUP: 2651
12 16 18 24 41 #SUP: 2645
16 17 18 24 41 #SUP: 2647
12 17 18 24 41 #SUP: 2701
12 15 16 17 41 #SUP: 2556
12 15 16 18 41 #SUP: 2551
15 16 17 18 41 #SUP: 2553
12 15 17 18 41 #SUP: 2602
12 15 16 17 18 #SUP: 3220
12 15 16 17 31 #SUP: 3066
12 15 16 18 31 #SUP: 3061
15 16 17 18 31 #SUP: 3065
12 15 17 18 31 #SUP: 3112
12 15 17 31 66 #SUP: 2799
12 15 18 31 66 #SUP: 2794
15 17 18 31 66 #SUP: 2798
15 16 18 31 66 #SUP: 2747
12 15 16 31 66 #SUP: 2748
15 16 17 31 66 #SUP: 2753
12 15 16 17 66 #SUP: 2888
12 15 16 18 66 #SUP: 2882
15 16 17 18 66 #SUP: 2887
12 15 17 18 66 #SUP: 2962
12 15 17 21 66 #SUP: 2704
12 15 18 21 66 #SUP: 2698
15 17 18 21 66 #SUP: 2703
15 16 18 21 66 #SUP: 2634
12 15 16 21 66 #SUP: 2635
15 16 17 21 66 #SUP: 2641
15 18 21 31 66 #SUP: 2558
12 15 21 31 66 #SUP: 2559
15 17 21 31 66 #SUP: 2571
12 15 17 21 31 #SUP: 2841
12 15 18 21 31 #SUP: 2836
15 17 18 21 31 #SUP: 2840
15 16 18 21 31 #SUP: 2796
12 15 16 21 31 #SUP: 2797
15 16 17 21 31 #SUP: 2802
12 15 16 17 21 #SUP: 2930
12 15 16 18 21 #SUP: 2924
15 16 17 18 21 #SUP: 2929
12 15 17 18 21 #SUP: 2993
12 15 17 21 29 #SUP: 2679
12 15 18 21 29 #SUP: 2673
15 17 18 21 29 #SUP: 2678
15 16 18 21 29 #SUP: 2615
12 15 16 21 29 #SUP: 2616
15 16 17 21 29 #SUP: 2622
15 17 21 29 31 #SUP: 2548
12 15 17 29 66 #SUP: 2618
12 15 18 29 66 #SUP: 2612
15 17 18 29 66 #SUP: 2617
15 16 17 29 66 #SUP: 2551
12 15 17 29 31 #SUP: 2749
12 15 18 29 31 #SUP: 2744
15 17 18 29 31 #SUP: 2748
15 16 18 29 31 #SUP: 2699
12 15 16 29 31 #SUP: 2700
15 16 17 29 31 #SUP: 2705
12 15 16 17 29 #SUP: 2841
12 15 16 18 29 #SUP: 2835
15 16 17 18 29 #SUP: 2840
12 15 17 18 29 #SUP: 2908
12 15 17 21 43 #SUP: 2611
12 15 18 21 43 #SUP: 2607
15 17 18 21 43 #SUP: 2611
15 16 18 21 43 #SUP: 2556
12 15 16 21 43 #SUP: 2556
15 16 17 21 43 #SUP: 2561
12 15 17 43 66 #SUP: 2583
12 15 18 43 66 #SUP: 2579
15 17 18 43 66 #SUP: 2583
12 15 17 31 43 #SUP: 2713
12 15 18 31 43 #SUP: 2710
15 17 18 31 43 #SUP: 2713
15 16 18 31 43 #SUP: 2671
12 15 16 31 43 #SUP: 2671
15 16 17 31 43 #SUP: 2675
12 15 16 17 43 #SUP: 2811
12 15 16 18 43 #SUP: 2807
15 16 17 18 43 #SUP: 2811
12 15 17 18 43 #SUP: 2872
12 15 17 21 27 #SUP: 2758
12 15 18 21 27 #SUP: 2753
15 17 18 21 27 #SUP: 2756
15 16 18 21 27 #SUP: 2699
12 15 16 21 27 #SUP: 2701
15 16 17 21 27 #SUP: 2705
15 16 21 27 31 #SUP: 2579
15 18 21 27 31 #SUP: 2611
12 15 21 27 31 #SUP: 2613
15 17 21 27 31 #SUP: 2623
12 15 17 27 66 #SUP: 2579
12 15 18 27 66 #SUP: 2574
15 17 18 27 66 #SUP: 2577
12 15 17 27 31 #SUP: 2711
12 15 18 27 31 #SUP: 2707
15 17 18 27 31 #SUP: 2709
15 16 18 27 31 #SUP: 2666
12 15 16 27 31 #SUP: 2668
15 16 17 27 31 #SUP: 2671
12 15 16 17 27 #SUP: 2802
12 15 16 18 27 #SUP: 2797
15 16 17 18 27 #SUP: 2800
12 15 17 18 27 #SUP: 2860
12 15 17 24 31 #SUP: 2548
15 17 18 24 31 #SUP: 2548
12 15 16 17 24 #SUP: 2621
12 15 16 18 24 #SUP: 2616
15 16 17 18 24 #SUP: 2621
12 15 17 18 24 #SUP: 2682
12 16 17 18 24 #SUP: 3376
12 16 17 24 31 #SUP: 3202
12 16 18 24 31 #SUP: 3196
16 17 18 24 31 #SUP: 3200
12 17 18 24 31 #SUP: 3255
12 17 24 31 66 #SUP: 2942
12 18 24 31 66 #SUP: 2936
17 18 24 31 66 #SUP: 2941
16 18 24 31 66 #SUP: 2881
12 16 24 31 66 #SUP: 2883
16 17 24 31 66 #SUP: 2888
12 16 17 24 66 #SUP: 3045
12 16 18 24 66 #SUP: 3038
16 17 18 24 66 #SUP: 3043
12 17 18 24 66 #SUP: 3125
12 17 21 24 66 #SUP: 2844
12 18 21 24 66 #SUP: 2837
17 18 21 24 66 #SUP: 2843
16 18 21 24 66 #SUP: 2767
12 16 21 24 66 #SUP: 2769
16 17 21 24 66 #SUP: 2775
16 21 24 31 66 #SUP: 2630
18 21 24 31 66 #SUP: 2675
12 21 24 31 66 #SUP: 2676
17 21 24 31 66 #SUP: 2688
12 17 21 24 31 #SUP: 2955
12 18 21 24 31 #SUP: 2949
17 18 21 24 31 #SUP: 2954
16 18 21 24 31 #SUP: 2902
12 16 21 24 31 #SUP: 2904
16 17 21 24 31 #SUP: 2909
12 16 17 21 24 #SUP: 3062
12 16 18 21 24 #SUP: 3055
16 17 18 21 24 #SUP: 3060
12 17 18 21 24 #SUP: 3130
12 17 21 24 29 #SUP: 2828
12 18 21 24 29 #SUP: 2821
17 18 21 24 29 #SUP: 2827
16 18 21 24 29 #SUP: 2755
12 16 21 24 29 #SUP: 2757
16 17 21 24 29 #SUP: 2763
16 21 24 29 31 #SUP: 2614
18 21 24 29 31 #SUP: 2658
12 21 24 29 31 #SUP: 2659
17 21 24 29 31 #SUP: 2671
18 21 24 29 66 #SUP: 2565
12 21 24 29 66 #SUP: 2566
17 21 24 29 66 #SUP: 2579
12 17 24 29 66 #SUP: 2781
12 18 24 29 66 #SUP: 2774
17 18 24 29 66 #SUP: 2780
16 18 24 29 66 #SUP: 2697
12 16 24 29 66 #SUP: 2699
16 17 24 29 66 #SUP: 2705
16 24 29 31 66 #SUP: 2556
18 24 29 31 66 #SUP: 2608
12 24 29 31 66 #SUP: 2609
17 24 29 31 66 #SUP: 2621
12 17 24 29 31 #SUP: 2887
12 18 24 29 31 #SUP: 2881
17 18 24 29 31 #SUP: 2886
16 18 24 29 31 #SUP: 2827
12 16 24 29 31 #SUP: 2829
16 17 24 29 31 #SUP: 2834
12 16 17 24 29 #SUP: 2995
12 16 18 24 29 #SUP: 2988
16 17 18 24 29 #SUP: 2993
12 17 18 24 29 #SUP: 3070
12 17 24 29 43 #SUP: 2695
12 18 24 29 43 #SUP: 2691
17 18 24 29 43 #SUP: 2696
16 18 24 29 43 #SUP: 2629
12 16 24 29 43 #SUP: 2629
16 17 24 29 43 #SUP: 2634
12 17 21 24 43 #SUP: 2748
12 18 21 24 43 #SUP: 2744
17 18 21 24 43 #SUP: 2749
16 18 21 24 43 #SUP: 2688
12 16 21 24 43 #SUP: 2688
16 17 21 24 43 #SUP: 2693
16 21 24 31 43 #SUP: 2556
18 21 24 31 43 #SUP: 2593
12 21 24 31 43 #SUP: 2592
17 21 24 31 43 #SUP: 2602
12 17 24 43 66 #SUP: 2746
12 18 24 43 66 #SUP: 2742
17 18 24 43 66 #SUP: 2747
16 18 24 43 66 #SUP: 2676
12 16 24 43 66 #SUP: 2676
16 17 24 43 66 #SUP: 2681
18 24 31 43 66 #SUP: 2586
12 24 31 43 66 #SUP: 2585
17 24 31 43 66 #SUP: 2595
12 17 24 31 43 #SUP: 2860
12 18 24 31 43 #SUP: 2857
17 18 24 31 43 #SUP: 2861
16 18 24 31 43 #SUP: 2814
12 16 24 31 43 #SUP: 2814
16 17 24 31 43 #SUP: 2818
12 16 17 24 43 #SUP: 2968
12 16 18 24 43 #SUP: 2964
16 17 18 24 43 #SUP: 2968
12 17 18 24 43 #SUP: 3034
12 17 24 27 43 #SUP: 2604
12 18 24 27 43 #SUP: 2601
17 18 24 27 43 #SUP: 2605
16 18 24 27 43 #SUP: 2548
12 16 24 27 43 #SUP: 2548
16 17 24 27 43 #SUP: 2552
12 17 24 27 29 #SUP: 2645
12 18 24 27 29 #SUP: 2639
17 18 24 27 29 #SUP: 2643
16 18 24 27 29 #SUP: 2574
12 16 24 27 29 #SUP: 2577
16 17 24 27 29 #SUP: 2581
18 21 24 27 29 #SUP: 2566
12 21 24 27 29 #SUP: 2568
17 21 24 27 29 #SUP: 2579
12 17 21 24 27 #SUP: 2867
12 18 21 24 27 #SUP: 2861
17 18 21 24 27 #SUP: 2865
16 18 21 24 27 #SUP: 2800
12 16 21 24 27 #SUP: 2803
16 17 21 24 27 #SUP: 2807
16 21 24 27 31 #SUP: 2658
18 21 24 27 31 #SUP: 2697
12 21 24 27 31 #SUP: 2699
17 21 24 27 31 #SUP: 2709
18 21 24 27 66 #SUP: 2599
12 21 24 27 66 #SUP: 2601
17 21 24 27 66 #SUP: 2612
12 17 24 27 66 #SUP: 2690
12 18 24 27 66 #SUP: 2684
17 18 24 27 66 #SUP: 2688
16 18 24 27 66 #SUP: 2615
12 16 24 27 66 #SUP: 2618
16 17 24 27 66 #SUP: 2622
12 17 24 27 31 #SUP: 2791
12 18 24 27 31 #SUP: 2786
17 18 24 27 31 #SUP: 2789
16 18 24 27 31 #SUP: 2737
12 16 24 27 31 #SUP: 2740
16 17 24 27 31 #SUP: 2743
12 16 17 24 27 #SUP: 2895
12 16 18 24 27 #SUP: 2889
16 17 18 24 27 #SUP: 2892
12 17 18 24 27 #SUP: 2961
12 16 17 18 27 #SUP: 3529
12 16 17 27 31 #SUP: 3339
12 16 18 27 31 #SUP: 3333
16 17 18 27 31 #SUP: 3335
12 17 18 27 31 #SUP: 3393
12 17 27 31 66 #SUP: 3091
12 18 27 31 66 #SUP: 3085
17 18 27 31 66 #SUP: 3088
16 18 27 31 66 #SUP: 3027
12 16 27 31 66 #SUP: 3031
16 17 27 31 66 #SUP: 3034
12 16 17 27 66 #SUP: 3210
12 16 18 27 66 #SUP: 3203
16 17 18 27 66 #SUP: 3206
12 17 18 27 66 #SUP: 3291
12 17 21 27 66 #SUP: 3180
12 18 21 27 66 #SUP: 3173
17 18 21 27 66 #SUP: 3177
16 18 21 27 66 #SUP: 3096
12 16 21 27 66 #SUP: 3100
16 17 21 27 66 #SUP: 3104
16 21 27 31 66 #SUP: 2938
18 21 27 31 66 #SUP: 2985
12 21 27 31 66 #SUP: 2988
17 21 27 31 66 #SUP: 2999
12 17 21 27 31 #SUP: 3283
12 18 21 27 31 #SUP: 3277
17 18 21 27 31 #SUP: 3280
16 18 21 27 31 #SUP: 3226
12 16 21 27 31 #SUP: 3230
16 17 21 27 31 #SUP: 3233
12 16 17 21 27 #SUP: 3411
12 16 18 21 27 #SUP: 3404
16 17 18 21 27 #SUP: 3407
12 17 18 21 27 #SUP: 3484
12 17 21 27 29 #SUP: 3107
12 18 21 27 29 #SUP: 3100
17 18 21 27 29 #SUP: 3104
16 18 21 27 29 #SUP: 3029
12 16 21 27 29 #SUP: 3033
16 17 21 27 29 #SUP: 3037
16 21 27 29 31 #SUP: 2869
18 21 27 29 31 #SUP: 2914
12 21 27 29 31 #SUP: 2917
17 21 27 29 31 #SUP: 2927
21 27 29 31 66 #SUP: 2668
16 21 27 29 66 #SUP: 2762
18 21 27 29 66 #SUP: 2829
12 21 27 29 66 #SUP: 2832
17 21 27 29 66 #SUP: 2843
12 17 27 29 66 #SUP: 2927
12 18 27 29 66 #SUP: 2920
17 18 27 29 66 #SUP: 2924
16 18 27 29 66 #SUP: 2841
12 16 27 29 66 #SUP: 2845
16 17 27 29 66 #SUP: 2849
16 27 29 31 66 #SUP: 2684
18 27 29 31 66 #SUP: 2736
12 27 29 31 66 #SUP: 2739
17 27 29 31 66 #SUP: 2749
12 17 27 29 31 #SUP: 3009
12 18 27 29 31 #SUP: 3003
17 18 27 29 31 #SUP: 3006
16 18 27 29 31 #SUP: 2947
12 16 27 29 31 #SUP: 2951
16 17 27 29 31 #SUP: 2954
12 16 17 27 29 #SUP: 3133
12 16 18 27 29 #SUP: 3126
16 17 18 27 29 #SUP: 3129
12 17 18 27 29 #SUP: 3208
12 17 27 29 43 #SUP: 2802
12 18 27 29 43 #SUP: 2798
17 18 27 29 43 #SUP: 2802
16 18 27 29 43 #SUP: 2736
12 16 27 29 43 #SUP: 2737
16 17 27 29 43 #SUP: 2741
16 27 29 31 43 #SUP: 2588
18 27 29 31 43 #SUP: 2630
12 27 29 31 43 #SUP: 2630
17 27 29 31 43 #SUP: 2639
18 27 29 43 66 #SUP: 2553
12 27 29 43 66 #SUP: 2553
17 27 29 43 66 #SUP: 2563
21 27 29 31 43 #SUP: 2562
16 21 27 29 43 #SUP: 2657
18 21 27 29 43 #SUP: 2712
12 21 27 29 43 #SUP: 2712
17 21 27 29 43 #SUP: 2722
12 17 21 27 43 #SUP: 3042
12 18 21 27 43 #SUP: 3038
17 18 21 27 43 #SUP: 3042
16 18 21 27 43 #SUP: 2978
12 16 21 27 43 #SUP: 2979
16 17 21 27 43 #SUP: 2983
16 21 27 31 43 #SUP: 2831
18 21 27 31 43 #SUP: 2870
12 21 27 31 43 #SUP: 2870
17 21 27 31 43 #SUP: 2880
21 27 31 43 66 #SUP: 2624
16 21 27 43 66 #SUP: 2713
18 21 27 43 66 #SUP: 2772
12 21 27 43 66 #SUP: 2772
17 21 27 43 66 #SUP: 2783
12 17 27 43 66 #SUP: 2873
12 18 27 43 66 #SUP: 2869
17 18 27 43 66 #SUP: 2873
16 18 27 43 66 #SUP: 2803
12 16 27 43 66 #SUP: 2804
16 17 27 43 66 #SUP: 2808
16 27 31 43 66 #SUP: 2658
18 27 31 43 66 #SUP: 2702
12 27 31 43 66 #SUP: 2702
17 27 31 43 66 #SUP: 2712
12 17 27 31 43 #SUP: 2969
12 18 27 31 43 #SUP: 2966
17 18 27 31 43 #SUP: 2969
16 18 27 31 43 #SUP: 2921
12 16 27 31 43 #SUP: 2922
16 17 27 31 43 #SUP: 2925
12 16 17 27 43 #SUP: 3086
12 16 18 27 43 #SUP: 3082
16 17 18 27 43 #SUP: 3085
12 17 18 27 43 #SUP: 3151
12 16 17 18 43 #SUP: 3582
12 16 17 31 43 #SUP: 3388
12 16 18 31 43 #SUP: 3384
16 17 18 31 43 #SUP: 3387
12 17 18 31 43 #SUP: 3439
12 17 31 43 66 #SUP: 3126
12 18 31 43 66 #SUP: 3122
17 18 31 43 66 #SUP: 3126
16 18 31 43 66 #SUP: 3070
12 16 31 43 66 #SUP: 3071
16 17 31 43 66 #SUP: 3075
12 16 17 43 66 #SUP: 3250
12 16 18 43 66 #SUP: 3245
16 17 18 43 66 #SUP: 3249
12 17 18 43 66 #SUP: 3331
12 17 21 43 66 #SUP: 3027
12 18 21 43 66 #SUP: 3022
17 18 21 43 66 #SUP: 3027
16 18 21 43 66 #SUP: 2951
12 16 21 43 66 #SUP: 2952
16 17 21 43 66 #SUP: 2957
16 21 31 43 66 #SUP: 2804
18 21 31 43 66 #SUP: 2849
12 21 31 43 66 #SUP: 2849
17 21 31 43 66 #SUP: 2860
12 17 21 31 43 #SUP: 3130
12 18 21 31 43 #SUP: 3126
17 18 21 31 43 #SUP: 3130
16 18 21 31 43 #SUP: 3080
12 16 21 31 43 #SUP: 3081
16 17 21 31 43 #SUP: 3085
12 16 17 21 43 #SUP: 3247
12 16 18 21 43 #SUP: 3242
16 17 18 21 43 #SUP: 3246
12 17 18 21 43 #SUP: 3317
12 17 21 29 43 #SUP: 2981
12 18 21 29 43 #SUP: 2976
17 18 21 29 43 #SUP: 2981
16 18 21 29 43 #SUP: 2909
12 16 21 29 43 #SUP: 2910
16 17 21 29 43 #SUP: 2915
16 21 29 31 43 #SUP: 2760
18 21 29 31 43 #SUP: 2803
12 21 29 31 43 #SUP: 2803
17 21 29 31 43 #SUP: 2813
21 29 31 43 66 #SUP: 2565
16 21 29 43 66 #SUP: 2653
18 21 29 43 66 #SUP: 2719
12 21 29 43 66 #SUP: 2719
17 21 29 43 66 #SUP: 2730
12 17 29 43 66 #SUP: 2951
12 18 29 43 66 #SUP: 2946
17 18 29 43 66 #SUP: 2951
16 18 29 43 66 #SUP: 2869
12 16 29 43 66 #SUP: 2870
16 17 29 43 66 #SUP: 2875
16 29 31 43 66 #SUP: 2713
18 29 31 43 66 #SUP: 2762
12 29 31 43 66 #SUP: 2762
17 29 31 43 66 #SUP: 2772
12 17 29 31 43 #SUP: 3037
12 18 29 31 43 #SUP: 3033
17 18 29 31 43 #SUP: 3037
16 18 29 31 43 #SUP: 2983
12 16 29 31 43 #SUP: 2984
16 17 29 31 43 #SUP: 2988
12 16 17 29 43 #SUP: 3164
12 16 18 29 43 #SUP: 3159
16 17 18 29 43 #SUP: 3163
12 17 18 29 43 #SUP: 3240
12 16 17 18 29 #SUP: 3623
12 16 17 29 31 #SUP: 3419
12 16 18 29 31 #SUP: 3412
16 17 18 29 31 #SUP: 3416
12 17 18 29 31 #SUP: 3479
12 17 29 31 66 #SUP: 3167
12 18 29 31 66 #SUP: 3160
17 18 29 31 66 #SUP: 3165
16 18 29 31 66 #SUP: 3097
12 16 29 31 66 #SUP: 3100
16 17 29 31 66 #SUP: 3105
12 16 17 29 66 #SUP: 3290
12 16 18 29 66 #SUP: 3282
16 17 18 29 66 #SUP: 3287
12 17 18 29 66 #SUP: 3381
12 17 21 29 66 #SUP: 3123
12 18 21 29 66 #SUP: 3115
17 18 21 29 66 #SUP: 3121
16 18 21 29 66 #SUP: 3033
12 16 21 29 66 #SUP: 3036
16 17 21 29 66 #SUP: 3042
16 21 29 31 66 #SUP: 2875
18 21 29 31 66 #SUP: 2927
12 21 29 31 66 #SUP: 2929
17 21 29 31 66 #SUP: 2941
12 17 21 29 31 #SUP: 3215
12 18 21 29 31 #SUP: 3208
17 18 21 29 31 #SUP: 3213
16 18 21 29 31 #SUP: 3153
12 16 21 29 31 #SUP: 3156
16 17 21 29 31 #SUP: 3161
12 16 17 21 29 #SUP: 3338
12 16 18 21 29 #SUP: 3330
16 17 18 21 29 #SUP: 3335
12 17 18 21 29 #SUP: 3417
12 16 17 18 21 #SUP: 3725
12 16 17 21 31 #SUP: 3535
12 16 18 21 31 #SUP: 3528
16 17 18 21 31 #SUP: 3532
12 17 18 21 31 #SUP: 3589
12 17 21 31 66 #SUP: 3272
12 18 21 31 66 #SUP: 3265
17 18 21 31 66 #SUP: 3270
16 18 21 31 66 #SUP: 3208
12 16 21 31 66 #SUP: 3211
16 17 21 31 66 #SUP: 3216
12 16 17 21 66 #SUP: 3393
12 16 18 21 66 #SUP: 3385
16 17 18 21 66 #SUP: 3390
12 17 18 21 66 #SUP: 3478
12 16 17 18 66 #SUP: 3724
12 16 17 31 66 #SUP: 3519
12 16 18 31 66 #SUP: 3512
16 17 18 31 66 #SUP: 3516
12 17 18 31 66 #SUP: 3581
12 16 17 18 31 #SUP: 3879
12 16 17 18 31 66 #SUP: 3512
12 16 17 18 21 66 #SUP: 3385
12 16 17 21 31 66 #SUP: 3211
12 16 18 21 31 66 #SUP: 3204
16 17 18 21 31 66 #SUP: 3208
12 17 18 21 31 66 #SUP: 3265
12 16 17 18 21 31 #SUP: 3528
12 16 17 18 21 29 #SUP: 3330
12 16 17 21 29 31 #SUP: 3156
12 16 18 21 29 31 #SUP: 3149
16 17 18 21 29 31 #SUP: 3153
12 17 18 21 29 31 #SUP: 3208
12 17 21 29 31 66 #SUP: 2929
12 18 21 29 31 66 #SUP: 2922
17 18 21 29 31 66 #SUP: 2927
16 18 21 29 31 66 #SUP: 2867
12 16 21 29 31 66 #SUP: 2870
16 17 21 29 31 66 #SUP: 2875
12 16 17 21 29 66 #SUP: 3036
12 16 18 21 29 66 #SUP: 3028
16 17 18 21 29 66 #SUP: 3033
12 17 18 21 29 66 #SUP: 3115
12 16 17 18 29 66 #SUP: 3282
12 16 17 29 31 66 #SUP: 3100
12 16 18 29 31 66 #SUP: 3093
16 17 18 29 31 66 #SUP: 3097
12 17 18 29 31 66 #SUP: 3160
12 16 17 18 29 31 #SUP: 3412
12 16 17 18 29 43 #SUP: 3159
12 16 17 29 31 43 #SUP: 2984
12 16 18 29 31 43 #SUP: 2980
16 17 18 29 31 43 #SUP: 2983
12 17 18 29 31 43 #SUP: 3033
12 17 29 31 43 66 #SUP: 2762
12 18 29 31 43 66 #SUP: 2758
17 18 29 31 43 66 #SUP: 2762
16 18 29 31 43 66 #SUP: 2708
12 16 29 31 43 66 #SUP: 2709
16 17 29 31 43 66 #SUP: 2713
12 16 17 29 43 66 #SUP: 2870
12 16 18 29 43 66 #SUP: 2865
16 17 18 29 43 66 #SUP: 2869
12 17 18 29 43 66 #SUP: 2946
12 17 21 29 43 66 #SUP: 2719
12 18 21 29 43 66 #SUP: 2714
17 18 21 29 43 66 #SUP: 2719
16 18 21 29 43 66 #SUP: 2647
12 16 21 29 43 66 #SUP: 2648
16 17 21 29 43 66 #SUP: 2653
18 21 29 31 43 66 #SUP: 2555
12 21 29 31 43 66 #SUP: 2555
17 21 29 31 43 66 #SUP: 2565
12 17 21 29 31 43 #SUP: 2803
12 18 21 29 31 43 #SUP: 2799
17 18 21 29 31 43 #SUP: 2803
16 18 21 29 31 43 #SUP: 2755
12 16 21 29 31 43 #SUP: 2756
16 17 21 29 31 43 #SUP: 2760
12 16 17 21 29 43 #SUP: 2910
12 16 18 21 29 43 #SUP: 2905
16 17 18 21 29 43 #SUP: 2909
12 17 18 21 29 43 #SUP: 2976
12 16 17 18 21 43 #SUP: 3242
12 16 17 21 31 43 #SUP: 3081
12 16 18 21 31 43 #SUP: 3077
16 17 18 21 31 43 #SUP: 3080
12 17 18 21 31 43 #SUP: 3126
12 17 21 31 43 66 #SUP: 2849
12 18 21 31 43 66 #SUP: 2845
17 18 21 31 43 66 #SUP: 2849
16 18 21 31 43 66 #SUP: 2799
12 16 21 31 43 66 #SUP: 2800
16 17 21 31 43 66 #SUP: 2804
12 16 17 21 43 66 #SUP: 2952
12 16 18 21 43 66 #SUP: 2947
16 17 18 21 43 66 #SUP: 2951
12 17 18 21 43 66 #SUP: 3022
12 16 17 18 43 66 #SUP: 3245
12 16 17 31 43 66 #SUP: 3071
12 16 18 31 43 66 #SUP: 3067
16 17 18 31 43 66 #SUP: 3070
12 17 18 31 43 66 #SUP: 3122
12 16 17 18 31 43 #SUP: 3384
12 16 17 18 27 43 #SUP: 3082
12 16 17 27 31 43 #SUP: 2922
12 16 18 27 31 43 #SUP: 2919
16 17 18 27 31 43 #SUP: 2921
12 17 18 27 31 43 #SUP: 2966
12 17 27 31 43 66 #SUP: 2702
12 18 27 31 43 66 #SUP: 2699
17 18 27 31 43 66 #SUP: 2702
16 18 27 31 43 66 #SUP: 2654
12 16 27 31 43 66 #SUP: 2655
16 17 27 31 43 66 #SUP: 2658
12 16 17 27 43 66 #SUP: 2804
12 16 18 27 43 66 #SUP: 2800
16 17 18 27 43 66 #SUP: 2803
12 17 18 27 43 66 #SUP: 2869
12 17 21 27 43 66 #SUP: 2772
12 18 21 27 43 66 #SUP: 2768
17 18 21 27 43 66 #SUP: 2772
16 18 21 27 43 66 #SUP: 2708
12 16 21 27 43 66 #SUP: 2709
16 17 21 27 43 66 #SUP: 2713
16 21 27 31 43 66 #SUP: 2575
18 21 27 31 43 66 #SUP: 2614
12 21 27 31 43 66 #SUP: 2614
17 21 27 31 43 66 #SUP: 2624
12 17 21 27 31 43 #SUP: 2870
12 18 21 27 31 43 #SUP: 2867
17 18 21 27 31 43 #SUP: 2870
16 18 21 27 31 43 #SUP: 2827
12 16 21 27 31 43 #SUP: 2828
16 17 21 27 31 43 #SUP: 2831
12 16 17 21 27 43 #SUP: 2979
12 16 18 21 27 43 #SUP: 2975
16 17 18 21 27 43 #SUP: 2978
12 17 18 21 27 43 #SUP: 3038
12 17 21 27 29 43 #SUP: 2712
12 18 21 27 29 43 #SUP: 2708
17 18 21 27 29 43 #SUP: 2712
16 18 21 27 29 43 #SUP: 2652
12 16 21 27 29 43 #SUP: 2653
16 17 21 27 29 43 #SUP: 2657
18 21 27 29 31 43 #SUP: 2553
12 21 27 29 31 43 #SUP: 2553
17 21 27 29 31 43 #SUP: 2562
12 17 27 29 43 66 #SUP: 2553
12 18 27 29 43 66 #SUP: 2549
17 18 27 29 43 66 #SUP: 2553
12 17 27 29 31 43 #SUP: 2630
12 18 27 29 31 43 #SUP: 2627
17 18 27 29 31 43 #SUP: 2630
16 18 27 29 31 43 #SUP: 2584
12 16 27 29 31 43 #SUP: 2585
16 17 27 29 31 43 #SUP: 2588
12 16 17 27 29 43 #SUP: 2737
12 16 18 27 29 43 #SUP: 2733
16 17 18 27 29 43 #SUP: 2736
12 17 18 27 29 43 #SUP: 2798
12 16 17 18 27 29 #SUP: 3126
12 16 17 27 29 31 #SUP: 2951
12 16 18 27 29 31 #SUP: 2945
16 17 18 27 29 31 #SUP: 2947
12 17 18 27 29 31 #SUP: 3003
12 17 27 29 31 66 #SUP: 2739
12 18 27 29 31 66 #SUP: 2733
17 18 27 29 31 66 #SUP: 2736
16 18 27 29 31 66 #SUP: 2677
12 16 27 29 31 66 #SUP: 2681
16 17 27 29 31 66 #SUP: 2684
12 16 17 27 29 66 #SUP: 2845
12 16 18 27 29 66 #SUP: 2838
16 17 18 27 29 66 #SUP: 2841
12 17 18 27 29 66 #SUP: 2920
12 17 21 27 29 66 #SUP: 2832
12 18 21 27 29 66 #SUP: 2825
17 18 21 27 29 66 #SUP: 2829
16 18 21 27 29 66 #SUP: 2754
12 16 21 27 29 66 #SUP: 2758
16 17 21 27 29 66 #SUP: 2762
16 21 27 29 31 66 #SUP: 2610
18 21 27 29 31 66 #SUP: 2655
12 21 27 29 31 66 #SUP: 2658
17 21 27 29 31 66 #SUP: 2668
12 17 21 27 29 31 #SUP: 2917
12 18 21 27 29 31 #SUP: 2911
17 18 21 27 29 31 #SUP: 2914
16 18 21 27 29 31 #SUP: 2862
12 16 21 27 29 31 #SUP: 2866
16 17 21 27 29 31 #SUP: 2869
12 16 17 21 27 29 #SUP: 3033
12 16 18 21 27 29 #SUP: 3026
16 17 18 21 27 29 #SUP: 3029
12 17 18 21 27 29 #SUP: 3100
12 16 17 18 21 27 #SUP: 3404
12 16 17 21 27 31 #SUP: 3230
12 16 18 21 27 31 #SUP: 3224
16 17 18 21 27 31 #SUP: 3226
12 17 18 21 27 31 #SUP: 3277
12 17 21 27 31 66 #SUP: 2988
12 18 21 27 31 66 #SUP: 2982
17 18 21 27 31 66 #SUP: 2985
16 18 21 27 31 66 #SUP: 2931
12 16 21 27 31 66 #SUP: 2935
16 17 21 27 31 66 #SUP: 2938
12 16 17 21 27 66 #SUP: 3100
12 16 18 21 27 66 #SUP: 3093
16 17 18 21 27 66 #SUP: 3096
12 17 18 21 27 66 #SUP: 3173
12 16 17 18 27 66 #SUP: 3203
12 16 17 27 31 66 #SUP: 3031
12 16 18 27 31 66 #SUP: 3025
16 17 18 27 31 66 #SUP: 3027
12 17 18 27 31 66 #SUP: 3085
12 16 17 18 27 31 #SUP: 3333
12 16 17 18 24 27 #SUP: 2889
12 16 17 24 27 31 #SUP: 2740
12 16 18 24 27 31 #SUP: 2735
16 17 18 24 27 31 #SUP: 2737
12 17 18 24 27 31 #SUP: 2786
12 16 17 24 27 66 #SUP: 2618
12 16 18 24 27 66 #SUP: 2612
16 17 18 24 27 66 #SUP: 2615
12 17 18 24 27 66 #SUP: 2684
12 17 21 24 27 66 #SUP: 2601
12 18 21 24 27 66 #SUP: 2595
17 18 21 24 27 66 #SUP: 2599
12 17 21 24 27 31 #SUP: 2699
12 18 21 24 27 31 #SUP: 2694
17 18 21 24 27 31 #SUP: 2697
16 18 21 24 27 31 #SUP: 2652
12 16 21 24 27 31 #SUP: 2655
16 17 21 24 27 31 #SUP: 2658
12 16 17 21 24 27 #SUP: 2803
12 16 18 21 24 27 #SUP: 2797
16 17 18 21 24 27 #SUP: 2800
12 17 18 21 24 27 #SUP: 2861
12 17 21 24 27 29 #SUP: 2568
12 18 21 24 27 29 #SUP: 2562
17 18 21 24 27 29 #SUP: 2566
12 16 17 24 27 29 #SUP: 2577
12 16 18 24 27 29 #SUP: 2571
16 17 18 24 27 29 #SUP: 2574
12 17 18 24 27 29 #SUP: 2639
12 16 17 24 27 43 #SUP: 2548
16 17 18 24 27 43 #SUP: 2548
12 17 18 24 27 43 #SUP: 2601
12 16 17 18 24 43 #SUP: 2964
12 16 17 24 31 43 #SUP: 2814
12 16 18 24 31 43 #SUP: 2811
16 17 18 24 31 43 #SUP: 2814
12 17 18 24 31 43 #SUP: 2857
12 17 24 31 43 66 #SUP: 2585
12 18 24 31 43 66 #SUP: 2582
17 18 24 31 43 66 #SUP: 2586
12 16 17 24 43 66 #SUP: 2676
12 16 18 24 43 66 #SUP: 2672
16 17 18 24 43 66 #SUP: 2676
12 17 18 24 43 66 #SUP: 2742
12 17 21 24 31 43 #SUP: 2592
12 18 21 24 31 43 #SUP: 2589
17 18 21 24 31 43 #SUP: 2593
16 18 21 24 31 43 #SUP: 2552
12 16 21 24 31 43 #SUP: 2552
16 17 21 24 31 43 #SUP: 2556
12 16 17 21 24 43 #SUP: 2688
12 16 18 21 24 43 #SUP: 2684
16 17 18 21 24 43 #SUP: 2688
12 17 18 21 24 43 #SUP: 2744
12 16 17 24 29 43 #SUP: 2629
12 16 18 24 29 43 #SUP: 2625
16 17 18 24 29 43 #SUP: 2629
12 17 18 24 29 43 #SUP: 2691
12 16 17 18 24 29 #SUP: 2988
12 16 17 24 29 31 #SUP: 2829
12 16 18 24 29 31 #SUP: 2823
16 17 18 24 29 31 #SUP: 2827
12 17 18 24 29 31 #SUP: 2881
12 17 24 29 31 66 #SUP: 2609
12 18 24 29 31 66 #SUP: 2603
17 18 24 29 31 66 #SUP: 2608
16 18 24 29 31 66 #SUP: 2549
12 16 24 29 31 66 #SUP: 2551
16 17 24 29 31 66 #SUP: 2556
12 16 17 24 29 66 #SUP: 2699
12 16 18 24 29 66 #SUP: 2692
16 17 18 24 29 66 #SUP: 2697
12 17 18 24 29 66 #SUP: 2774
12 17 21 24 29 66 #SUP: 2566
12 18 21 24 29 66 #SUP: 2559
17 18 21 24 29 66 #SUP: 2565
12 17 21 24 29 31 #SUP: 2659
12 18 21 24 29 31 #SUP: 2653
17 18 21 24 29 31 #SUP: 2658
16 18 21 24 29 31 #SUP: 2607
12 16 21 24 29 31 #SUP: 2609
16 17 21 24 29 31 #SUP: 2614
12 16 17 21 24 29 #SUP: 2757
12 16 18 21 24 29 #SUP: 2750
16 17 18 21 24 29 #SUP: 2755
12 17 18 21 24 29 #SUP: 2821
12 16 17 18 21 24 #SUP: 3055
12 16 17 21 24 31 #SUP: 2904
12 16 18 21 24 31 #SUP: 2898
16 17 18 21 24 31 #SUP: 2902
12 17 18 21 24 31 #SUP: 2949
12 17 21 24 31 66 #SUP: 2676
12 18 21 24 31 66 #SUP: 2670
17 18 21 24 31 66 #SUP: 2675
16 18 21 24 31 66 #SUP: 2623
12 16 21 24 31 66 #SUP: 2625
16 17 21 24 31 66 #SUP: 2630
12 16 17 21 24 66 #SUP: 2769
12 16 18 21 24 66 #SUP: 2762
16 17 18 21 24 66 #SUP: 2767
12 17 18 21 24 66 #SUP: 2837
12 16 17 18 24 66 #SUP: 3038
12 16 17 24 31 66 #SUP: 2883
12 16 18 24 31 66 #SUP: 2877
16 17 18 24 31 66 #SUP: 2881
12 17 18 24 31 66 #SUP: 2936
12 16 17 18 24 31 #SUP: 3196
12 15 16 17 18 24 #SUP: 2616
12 15 16 17 18 27 #SUP: 2797
12 15 16 17 27 31 #SUP: 2668
12 15 16 18 27 31 #SUP: 2664
15 16 17 18 27 31 #SUP: 2666
12 15 17 18 27 31 #SUP: 2707
12 15 17 18 27 66 #SUP: 2574
12 15 17 21 27 31 #SUP: 2613
12 15 18 21 27 31 #SUP: 2609
15 17 18 21 27 31 #SUP: 2611
15 16 18 21 27 31 #SUP: 2574
12 15 16 21 27 31 #SUP: 2576
15 16 17 21 27 31 #SUP: 2579
12 15 16 17 21 27 #SUP: 2701
12 15 16 18 21 27 #SUP: 2696
15 16 17 18 21 27 #SUP: 2699
12 15 17 18 21 27 #SUP: 2753
12 15 16 17 18 43 #SUP: 2807
12 15 16 17 31 43 #SUP: 2671
12 15 16 18 31 43 #SUP: 2668
15 16 17 18 31 43 #SUP: 2671
12 15 17 18 31 43 #SUP: 2710
12 15 17 18 43 66 #SUP: 2579
12 15 16 17 21 43 #SUP: 2556
12 15 16 18 21 43 #SUP: 2552
15 16 17 18 21 43 #SUP: 2556
12 15 17 18 21 43 #SUP: 2607
12 15 16 17 18 29 #SUP: 2835
12 15 16 17 29 31 #SUP: 2700
12 15 16 18 29 31 #SUP: 2695
15 16 17 18 29 31 #SUP: 2699
12 15 17 18 29 31 #SUP: 2744
12 15 17 18 29 66 #SUP: 2612
12 15 16 17 21 29 #SUP: 2616
12 15 16 18 21 29 #SUP: 2610
15 16 17 18 21 29 #SUP: 2615
12 15 17 18 21 29 #SUP: 2673
12 15 16 17 18 21 #SUP: 2924
12 15 16 17 21 31 #SUP: 2797
12 15 16 18 21 31 #SUP: 2792
15 16 17 18 21 31 #SUP: 2796
12 15 17 18 21 31 #SUP: 2836
12 15 17 21 31 66 #SUP: 2559
12 15 18 21 31 66 #SUP: 2554
15 17 18 21 31 66 #SUP: 2558
12 15 16 17 21 66 #SUP: 2635
12 15 16 18 21 66 #SUP: 2629
15 16 17 18 21 66 #SUP: 2634
12 15 17 18 21 66 #SUP: 2698
12 15 16 17 18 66 #SUP: 2882
12 15 16 17 31 66 #SUP: 2748
12 15 16 18 31 66 #SUP: 2743
15 16 17 18 31 66 #SUP: 2747
12 15 17 18 31 66 #SUP: 2794
12 15 16 17 18 31 #SUP: 3061
12 15 16 17 18 41 #SUP: 2551
12 16 17 18 24 41 #SUP: 2645
12 16 17 24 31 41 #SUP: 2590
12 16 18 24 31 41 #SUP: 2584
16 17 18 24 31 41 #SUP: 2586
12 17 18 24 31 41 #SUP: 2627
12 16 17 18 27 41 #SUP: 2786
12 16 17 27 31 41 #SUP: 2717
12 16 18 27 31 41 #SUP: 2711
16 17 18 27 31 41 #SUP: 2711
12 17 18 27 31 41 #SUP: 2754
12 17 18 27 41 66 #SUP: 2581
12 17 21 27 31 41 #SUP: 2673
12 18 21 27 31 41 #SUP: 2667
17 18 21 27 31 41 #SUP: 2667
16 18 21 27 31 41 #SUP: 2628
12 16 21 27 31 41 #SUP: 2634
16 17 21 27 31 41 #SUP: 2635
12 16 17 21 27 41 #SUP: 2703
12 16 18 21 27 41 #SUP: 2697
16 17 18 21 27 41 #SUP: 2697
12 17 18 21 27 41 #SUP: 2749
12 16 17 18 41 43 #SUP: 2815
12 16 17 31 41 43 #SUP: 2748
12 16 18 31 41 43 #SUP: 2744
16 17 18 31 41 43 #SUP: 2745
12 17 18 31 41 43 #SUP: 2783
12 16 17 41 43 66 #SUP: 2546
12 17 18 41 43 66 #SUP: 2595
12 17 21 31 41 43 #SUP: 2553
12 18 21 31 41 43 #SUP: 2549
17 18 21 31 41 43 #SUP: 2550
12 16 17 21 41 43 #SUP: 2573
12 16 18 21 41 43 #SUP: 2569
16 17 18 21 41 43 #SUP: 2570
12 17 18 21 41 43 #SUP: 2615
12 17 18 29 41 43 #SUP: 2560
12 16 17 18 29 41 #SUP: 2854
12 16 17 29 31 41 #SUP: 2779
12 16 18 29 31 41 #SUP: 2772
16 17 18 29 31 41 #SUP: 2774
12 17 18 29 31 41 #SUP: 2822
12 17 29 31 41 66 #SUP: 2563
12 18 29 31 41 66 #SUP: 2556
17 18 29 31 41 66 #SUP: 2558
12 16 17 29 41 66 #SUP: 2586
12 16 18 29 41 66 #SUP: 2579
16 17 18 29 41 66 #SUP: 2581
12 17 18 29 41 66 #SUP: 2644
12 17 21 29 31 41 #SUP: 2622
12 18 21 29 31 41 #SUP: 2615
17 18 21 29 31 41 #SUP: 2617
16 18 21 29 31 41 #SUP: 2572
12 16 21 29 31 41 #SUP: 2577
16 17 21 29 31 41 #SUP: 2580
12 16 17 21 29 41 #SUP: 2647
12 16 18 21 29 41 #SUP: 2640
16 17 18 21 29 41 #SUP: 2642
12 17 18 21 29 41 #SUP: 2698
12 16 17 18 21 41 #SUP: 2930
12 16 17 21 31 41 #SUP: 2862
12 16 18 21 31 41 #SUP: 2855
16 17 18 21 31 41 #SUP: 2857
12 17 18 21 31 41 #SUP: 2901
12 17 21 31 41 66 #SUP: 2642
12 18 21 31 41 66 #SUP: 2635
17 18 21 31 41 66 #SUP: 2637
16 18 21 31 41 66 #SUP: 2591
12 16 21 31 41 66 #SUP: 2596
16 17 21 31 41 66 #SUP: 2599
12 16 17 21 41 66 #SUP: 2665
12 16 18 21 41 66 #SUP: 2658
16 17 18 21 41 66 #SUP: 2660
12 17 18 21 41 66 #SUP: 2718
12 16 17 18 41 66 #SUP: 2895
12 16 17 31 41 66 #SUP: 2820
12 16 18 31 41 66 #SUP: 2813
16 17 18 31 41 66 #SUP: 2815
12 17 18 31 41 66 #SUP: 2864
12 16 17 18 31 41 #SUP: 3116
12 16 17 18 24 28 #SUP: 2577
12 16 17 18 27 28 #SUP: 2658
12 16 17 27 28 31 #SUP: 2557
12 16 18 27 28 31 #SUP: 2551
16 17 18 27 28 31 #SUP: 2552
12 17 18 27 28 31 #SUP: 2607
12 16 17 21 27 28 #SUP: 2556
12 16 18 21 27 28 #SUP: 2549
16 17 18 21 27 28 #SUP: 2551
12 17 18 21 27 28 #SUP: 2625
12 16 17 18 28 43 #SUP: 2755
12 16 17 28 31 43 #SUP: 2648
12 16 18 28 31 43 #SUP: 2644
16 17 18 28 31 43 #SUP: 2645
12 17 18 28 31 43 #SUP: 2696
12 16 17 18 28 29 #SUP: 2728
12 16 17 28 29 31 #SUP: 2620
12 16 18 28 29 31 #SUP: 2613
16 17 18 28 29 31 #SUP: 2615
12 17 18 28 29 31 #SUP: 2676
12 17 18 21 28 29 #SUP: 2564
12 16 17 18 21 28 #SUP: 2810
12 16 17 21 28 31 #SUP: 2711
12 16 18 21 28 31 #SUP: 2704
16 17 18 21 28 31 #SUP: 2706
12 17 18 21 28 31 #SUP: 2761
12 17 18 21 28 66 #SUP: 2590
12 16 17 18 28 66 #SUP: 2795
12 16 17 28 31 66 #SUP: 2687
12 16 18 28 31 66 #SUP: 2680
16 17 18 28 31 66 #SUP: 2682
12 17 18 28 31 66 #SUP: 2745
12 16 17 18 28 31 #SUP: 3018
12 16 17 18 24 25 #SUP: 2566
12 16 17 18 25 27 #SUP: 2591
12 16 17 18 25 43 #SUP: 2734
12 16 17 25 31 43 #SUP: 2569
12 16 18 25 31 43 #SUP: 2567
16 17 18 25 31 43 #SUP: 2569
12 17 18 25 31 43 #SUP: 2608
12 16 17 18 25 29 #SUP: 2702
12 17 18 25 29 31 #SUP: 2575
12 16 17 18 21 25 #SUP: 2750
12 16 17 21 25 31 #SUP: 2590
12 16 18 21 25 31 #SUP: 2586
16 17 18 21 25 31 #SUP: 2589
12 17 18 21 25 31 #SUP: 2629
12 17 18 21 25 66 #SUP: 2550
12 16 17 18 25 66 #SUP: 2794
12 16 17 25 31 66 #SUP: 2620
12 16 18 25 31 66 #SUP: 2616
16 17 18 25 31 66 #SUP: 2619
12 17 18 25 31 66 #SUP: 2666
12 16 17 18 25 31 #SUP: 2910
12 16 17 18 41 59 #SUP: 2674
12 16 17 31 41 59 #SUP: 2628
12 16 18 31 41 59 #SUP: 2621
16 17 18 31 41 59 #SUP: 2622
12 17 18 31 41 59 #SUP: 2664
12 16 17 18 27 59 #SUP: 2689
12 16 17 27 31 59 #SUP: 2640
12 16 18 27 31 59 #SUP: 2634
16 17 18 27 31 59 #SUP: 2635
12 17 18 27 31 59 #SUP: 2674
12 17 21 27 31 59 #SUP: 2584
12 18 21 27 31 59 #SUP: 2578
17 18 21 27 31 59 #SUP: 2580
12 16 21 27 31 59 #SUP: 2549
16 17 21 27 31 59 #SUP: 2550
12 16 17 21 27 59 #SUP: 2598
12 16 18 21 27 59 #SUP: 2592
16 17 18 21 27 59 #SUP: 2593
12 17 18 21 27 59 #SUP: 2634
12 16 17 18 43 59 #SUP: 2750
12 16 17 31 43 59 #SUP: 2700
12 16 18 31 43 59 #SUP: 2696
16 17 18 31 43 59 #SUP: 2698
12 17 18 31 43 59 #SUP: 2730
12 17 18 21 43 59 #SUP: 2565
12 16 17 18 29 59 #SUP: 2718
12 16 17 29 31 59 #SUP: 2666
12 16 18 29 31 59 #SUP: 2659
16 17 18 29 31 59 #SUP: 2661
12 17 18 29 31 59 #SUP: 2704
12 17 18 21 29 59 #SUP: 2579
12 16 17 18 21 59 #SUP: 2815
12 16 17 21 31 59 #SUP: 2771
12 16 18 21 31 59 #SUP: 2764
16 17 18 21 31 59 #SUP: 2766
12 17 18 21 31 59 #SUP: 2804
12 17 18 21 59 66 #SUP: 2582
12 16 17 18 59 66 #SUP: 2745
12 16 17 31 59 66 #SUP: 2696
12 16 18 31 59 66 #SUP: 2689
16 17 18 31 59 66 #SUP: 2691
12 17 18 31 59 66 #SUP: 2735
12 16 17 18 31 59 #SUP: 2994
8 12 16 17 18 24 #SUP: 2915
8 12 16 17 24 31 #SUP: 2766
8 12 16 18 24 31 #SUP: 2761
8 16 17 18 24 31 #SUP: 2765
8 12 17 18 24 31 #SUP: 2809
8 12 16 17 24 66 #SUP: 2613
8 12 16 18 24 66 #SUP: 2607
8 16 17 18 24 66 #SUP: 2612
8 12 17 18 24 66 #SUP: 2676
8 12 16 17 21 24 #SUP: 2627
8 12 16 18 21 24 #SUP: 2621
8 16 17 18 21 24 #SUP: 2626
8 12 17 18 21 24 #SUP: 2680
8 12 16 17 24 29 #SUP: 2596
8 12 16 18 24 29 #SUP: 2590
8 16 17 18 24 29 #SUP: 2595
8 12 17 18 24 29 #SUP: 2654
8 12 16 17 24 43 #SUP: 2571
8 12 16 18 24 43 #SUP: 2567
8 16 17 18 24 43 #SUP: 2571
8 12 17 18 24 43 #SUP: 2621
8 12 16 17 18 43 #SUP: 2595
8 12 16 17 18 29 #SUP: 2617
8 12 16 17 18 21 #SUP: 2650
8 12 17 18 21 31 #SUP: 2556
8 12 16 17 18 66 #SUP: 2635
8 12 17 18 31 66 #SUP: 2546
8 12 16 17 18 31 #SUP: 2790
12 16 17 18 22 31 #SUP: 2645
8 12 16 17 18 24 43 #SUP: 2567
8 12 16 17 18 24 29 #SUP: 2590
8 12 16 17 18 21 24 #SUP: 2621
8 12 16 17 18 24 66 #SUP: 2607
8 12 16 17 18 24 31 #SUP: 2761
12 16 17 18 31 59 66 #SUP: 2689
12 16 17 18 21 31 59 #SUP: 2764
12 16 17 18 29 31 59 #SUP: 2659
12 16 17 18 31 43 59 #SUP: 2696
12 16 17 18 21 27 59 #SUP: 2592
12 16 17 21 27 31 59 #SUP: 2549
12 17 18 21 27 31 59 #SUP: 2578
12 16 17 18 27 31 59 #SUP: 2634
12 16 17 18 31 41 59 #SUP: 2621
12 16 17 18 25 31 66 #SUP: 2616
12 16 17 18 21 25 31 #SUP: 2586
12 16 17 18 25 31 43 #SUP: 2567
12 16 17 18 28 31 66 #SUP: 2680
12 16 17 18 21 28 31 #SUP: 2704
12 16 17 18 28 29 31 #SUP: 2613
12 16 17 18 28 31 43 #SUP: 2644
12 16 17 18 21 27 28 #SUP: 2549
12 16 17 18 27 28 31 #SUP: 2551
12 16 17 18 31 41 66 #SUP: 2813
12 16 17 18 21 41 66 #SUP: 2658
12 16 17 21 31 41 66 #SUP: 2596
12 16 18 21 31 41 66 #SUP: 2589
16 17 18 21 31 41 66 #SUP: 2591
12 17 18 21 31 41 66 #SUP: 2635
12 16 17 18 21 31 41 #SUP: 2855
12 16 17 18 21 29 41 #SUP: 2640
12 16 17 21 29 31 41 #SUP: 2577
12 16 18 21 29 31 41 #SUP: 2570
16 17 18 21 29 31 41 #SUP: 2572
12 17 18 21 29 31 41 #SUP: 2615
12 16 17 18 29 41 66 #SUP: 2579
12 17 18 29 31 41 66 #SUP: 2556
12 16 17 18 29 31 41 #SUP: 2772
12 16 17 18 21 41 43 #SUP: 2569
12 17 18 21 31 41 43 #SUP: 2549
12 16 17 18 31 41 43 #SUP: 2744
12 16 17 18 21 27 41 #SUP: 2697
12 16 17 21 27 31 41 #SUP: 2634
12 16 18 21 27 31 41 #SUP: 2628
16 17 18 21 27 31 41 #SUP: 2628
12 17 18 21 27 31 41 #SUP: 2667
12 16 17 18 27 31 41 #SUP: 2711
12 16 17 18 24 31 41 #SUP: 2584
12 15 16 17 18 31 66 #SUP: 2743
12 15 16 17 18 21 66 #SUP: 2629
12 15 17 18 21 31 66 #SUP: 2554
12 15 16 17 18 21 31 #SUP: 2792
12 15 16 17 18 21 29 #SUP: 2610
12 15 16 17 18 29 31 #SUP: 2695
12 15 16 17 18 21 43 #SUP: 2552
12 15 16 17 18 31 43 #SUP: 2668
12 15 16 17 18 21 27 #SUP: 2696
12 15 16 17 21 27 31 #SUP: 2576
12 15 16 18 21 27 31 #SUP: 2572
15 16 17 18 21 27 31 #SUP: 2574
12 15 17 18 21 27 31 #SUP: 2609
12 15 16 17 18 27 31 #SUP: 2664
12 16 17 18 24 31 66 #SUP: 2877
12 16 17 18 21 24 66 #SUP: 2762
12 16 17 21 24 31 66 #SUP: 2625
12 16 18 21 24 31 66 #SUP: 2619
16 17 18 21 24 31 66 #SUP: 2623
12 17 18 21 24 31 66 #SUP: 2670
12 16 17 18 21 24 31 #SUP: 2898
12 16 17 18 21 24 29 #SUP: 2750
12 16 17 21 24 29 31 #SUP: 2609
12 16 18 21 24 29 31 #SUP: 2603
16 17 18 21 24 29 31 #SUP: 2607
12 17 18 21 24 29 31 #SUP: 2653
12 17 18 21 24 29 66 #SUP: 2559
12 16 17 18 24 29 66 #SUP: 2692
12 16 17 24 29 31 66 #SUP: 2551
16 17 18 24 29 31 66 #SUP: 2549
12 17 18 24 29 31 66 #SUP: 2603
12 16 17 18 24 29 31 #SUP: 2823
12 16 17 18 24 29 43 #SUP: 2625
12 16 17 18 21 24 43 #SUP: 2684
12 16 17 21 24 31 43 #SUP: 2552
12 16 18 21 24 31 43 #SUP: 2549
16 17 18 21 24 31 43 #SUP: 2552
12 17 18 21 24 31 43 #SUP: 2589
12 16 17 18 24 43 66 #SUP: 2672
12 17 18 24 31 43 66 #SUP: 2582
12 16 17 18 24 31 43 #SUP: 2811
12 16 17 18 24 27 29 #SUP: 2571
12 17 18 21 24 27 29 #SUP: 2562
12 16 17 18 21 24 27 #SUP: 2797
12 16 17 21 24 27 31 #SUP: 2655
12 16 18 21 24 27 31 #SUP: 2650
16 17 18 21 24 27 31 #SUP: 2652
12 17 18 21 24 27 31 #SUP: 2694
12 17 18 21 24 27 66 #SUP: 2595
12 16 17 18 24 27 66 #SUP: 2612
12 16 17 18 24 27 31 #SUP: 2735
12 16 17 18 27 31 66 #SUP: 3025
12 16 17 18 21 27 66 #SUP: 3093
12 16 17 21 27 31 66 #SUP: 2935
12 16 18 21 27 31 66 #SUP: 2929
16 17 18 21 27 31 66 #SUP: 2931
12 17 18 21 27 31 66 #SUP: 2982
12 16 17 18 21 27 31 #SUP: 3224
12 16 17 18 21 27 29 #SUP: 3026
12 16 17 21 27 29 31 #SUP: 2866
12 16 18 21 27 29 31 #SUP: 2860
16 17 18 21 27 29 31 #SUP: 2862
12 17 18 21 27 29 31 #SUP: 2911
12 17 21 27 29 31 66 #SUP: 2658
12 18 21 27 29 31 66 #SUP: 2652
17 18 21 27 29 31 66 #SUP: 2655
16 18 21 27 29 31 66 #SUP: 2603
12 16 21 27 29 31 66 #SUP: 2607
16 17 21 27 29 31 66 #SUP: 2610
12 16 17 21 27 29 66 #SUP: 2758
12 16 18 21 27 29 66 #SUP: 2751
16 17 18 21 27 29 66 #SUP: 2754
12 17 18 21 27 29 66 #SUP: 2825
12 16 17 18 27 29 66 #SUP: 2838
12 16 17 27 29 31 66 #SUP: 2681
12 16 18 27 29 31 66 #SUP: 2675
16 17 18 27 29 31 66 #SUP: 2677
12 17 18 27 29 31 66 #SUP: 2733
12 16 17 18 27 29 31 #SUP: 2945
12 16 17 18 27 29 43 #SUP: 2733
12 16 17 27 29 31 43 #SUP: 2585
12 16 18 27 29 31 43 #SUP: 2582
16 17 18 27 29 31 43 #SUP: 2584
12 17 18 27 29 31 43 #SUP: 2627
12 17 18 27 29 43 66 #SUP: 2549
12 17 21 27 29 31 43 #SUP: 2553
12 18 21 27 29 31 43 #SUP: 2550
17 18 21 27 29 31 43 #SUP: 2553
12 16 17 21 27 29 43 #SUP: 2653
12 16 18 21 27 29 43 #SUP: 2649
16 17 18 21 27 29 43 #SUP: 2652
12 17 18 21 27 29 43 #SUP: 2708
12 16 17 18 21 27 43 #SUP: 2975
12 16 17 21 27 31 43 #SUP: 2828
12 16 18 21 27 31 43 #SUP: 2825
16 17 18 21 27 31 43 #SUP: 2827
12 17 18 21 27 31 43 #SUP: 2867
12 17 21 27 31 43 66 #SUP: 2614
12 18 21 27 31 43 66 #SUP: 2611
17 18 21 27 31 43 66 #SUP: 2614
16 18 21 27 31 43 66 #SUP: 2571
12 16 21 27 31 43 66 #SUP: 2572
16 17 21 27 31 43 66 #SUP: 2575
12 16 17 21 27 43 66 #SUP: 2709
12 16 18 21 27 43 66 #SUP: 2705
16 17 18 21 27 43 66 #SUP: 2708
12 17 18 21 27 43 66 #SUP: 2768
12 16 17 18 27 43 66 #SUP: 2800
12 16 17 27 31 43 66 #SUP: 2655
12 16 18 27 31 43 66 #SUP: 2652
16 17 18 27 31 43 66 #SUP: 2654
12 17 18 27 31 43 66 #SUP: 2699
12 16 17 18 27 31 43 #SUP: 2919
12 16 17 18 31 43 66 #SUP: 3067
12 16 17 18 21 43 66 #SUP: 2947
12 16 17 21 31 43 66 #SUP: 2800
12 16 18 21 31 43 66 #SUP: 2796
16 17 18 21 31 43 66 #SUP: 2799
12 17 18 21 31 43 66 #SUP: 2845
12 16 17 18 21 31 43 #SUP: 3077
12 16 17 18 21 29 43 #SUP: 2905
12 16 17 21 29 31 43 #SUP: 2756
12 16 18 21 29 31 43 #SUP: 2752
16 17 18 21 29 31 43 #SUP: 2755
12 17 18 21 29 31 43 #SUP: 2799
12 17 21 29 31 43 66 #SUP: 2555
12 18 21 29 31 43 66 #SUP: 2551
17 18 21 29 31 43 66 #SUP: 2555
12 16 17 21 29 43 66 #SUP: 2648
12 16 18 21 29 43 66 #SUP: 2643
16 17 18 21 29 43 66 #SUP: 2647
12 17 18 21 29 43 66 #SUP: 2714
12 16 17 18 29 43 66 #SUP: 2865
12 16 17 29 31 43 66 #SUP: 2709
12 16 18 29 31 43 66 #SUP: 2705
16 17 18 29 31 43 66 #SUP: 2708
12 17 18 29 31 43 66 #SUP: 2758
12 16 17 18 29 31 43 #SUP: 2980
12 16 17 18 29 31 66 #SUP: 3093
12 16 17 18 21 29 66 #SUP: 3028
12 16 17 21 29 31 66 #SUP: 2870
12 16 18 21 29 31 66 #SUP: 2863
16 17 18 21 29 31 66 #SUP: 2867
12 17 18 21 29 31 66 #SUP: 2922
12 16 17 18 21 29 31 #SUP: 3149
12 16 17 18 21 31 66 #SUP: 3204
12 16 17 18 21 29 31 66 #SUP: 2863
12 16 17 18 29 31 43 66 #SUP: 2705
12 16 17 18 21 29 43 66 #SUP: 2643
12 17 18 21 29 31 43 66 #SUP: 2551
12 16 17 18 21 29 31 43 #SUP: 2752
12 16 17 18 21 31 43 66 #SUP: 2796
12 16 17 18 27 31 43 66 #SUP: 2652
12 16 17 18 21 27 43 66 #SUP: 2705
12 16 17 21 27 31 43 66 #SUP: 2572
12 16 18 21 27 31 43 66 #SUP: 2569
16 17 18 21 27 31 43 66 #SUP: 2571
12 17 18 21 27 31 43 66 #SUP: 2611
12 16 17 18 21 27 31 43 #SUP: 2825
12 16 17 18 21 27 29 43 #SUP: 2649
12 17 18 21 27 29 31 43 #SUP: 2550
12 16 17 18 27 29 31 43 #SUP: 2582
12 16 17 18 27 29 31 66 #SUP: 2675
12 16 17 18 21 27 29 66 #SUP: 2751
12 16 17 21 27 29 31 66 #SUP: 2607
12 16 18 21 27 29 31 66 #SUP: 2601
16 17 18 21 27 29 31 66 #SUP: 2603
12 17 18 21 27 29 31 66 #SUP: 2652
12 16 17 18 21 27 29 31 #SUP: 2860
12 16 17 18 21 27 31 66 #SUP: 2929
12 16 17 18 21 24 27 31 #SUP: 2650
12 16 17 18 21 24 31 43 #SUP: 2549
12 16 17 18 21 24 29 31 #SUP: 2603
12 16 17 18 21 24 31 66 #SUP: 2619
12 15 16 17 18 21 27 31 #SUP: 2572
12 16 17 18 21 27 31 41 #SUP: 2628
12 16 17 18 21 29 31 41 #SUP: 2570
12 16 17 18 21 31 41 66 #SUP: 2589
12 16 17 18 21 27 29 31 66 #SUP: 2601
12 16 17 18 21 27 31 43 66 #SUP: 2569
