3 #SUP: 2839
25 #SUP: 2860
9 #SUP: 2874
5 #SUP: 2971
48 #SUP: 3013
56 #SUP: 3021
66 #SUP: 3021
34 #SUP: 3040
62 #SUP: 3060
7 #SUP: 3076
36 #SUP: 3099
60 #SUP: 3149
40 #SUP: 3170
29 #SUP: 3181
52 #SUP: 3185
58 #SUP: 3195
52 58 #SUP: 3184
29 52 #SUP: 3170
29 58 #SUP: 3180
29 40 #SUP: 3155
40 52 #SUP: 3159
40 58 #SUP: 3169
40 60 #SUP: 3124
29 60 #SUP: 3136
52 60 #SUP: 3138
58 60 #SUP: 3148
36 60 #SUP: 3052
36 40 #SUP: 3073
29 36 #SUP: 3084
36 52 #SUP: 3088
36 58 #SUP: 3098
7 36 #SUP: 2979
7 60 #SUP: 3031
7 40 #SUP: 3050
7 29 #SUP: 3069
7 52 #SUP: 3065
7 58 #SUP: 3075
7 62 #SUP: 2940
36 62 #SUP: 2963
60 62 #SUP: 3014
40 62 #SUP: 3045
29 62 #SUP: 3045
52 62 #SUP: 3049
58 62 #SUP: 3060
34 62 #SUP: 2913
7 34 #SUP: 2930
34 36 #SUP: 2943
34 60 #SUP: 2995
34 40 #SUP: 3017
29 34 #SUP: 3036
34 52 #SUP: 3031
34 58 #SUP: 3039
34 66 #SUP: 2886
62 66 #SUP: 2892
7 66 #SUP: 2906
36 66 #SUP: 2924
60 66 #SUP: 3021
40 66 #SUP: 2997
29 66 #SUP: 3013
52 66 #SUP: 3010
58 66 #SUP: 3020
56 66 #SUP: 2846
34 56 #SUP: 2884
56 62 #SUP: 2923
7 56 #SUP: 2919
36 56 #SUP: 2924
56 60 #SUP: 2974
40 56 #SUP: 2996
29 56 #SUP: 3006
52 56 #SUP: 3016
56 58 #SUP: 3020
48 56 #SUP: 2838
48 66 #SUP: 2873
34 48 #SUP: 2857
48 62 #SUP: 2877
7 48 #SUP: 2893
36 48 #SUP: 2987
48 60 #SUP: 2986
40 48 #SUP: 2987
29 48 #SUP: 2998
48 52 #SUP: 3002
48 58 #SUP: 3012
5 48 #SUP: 2788
5 56 #SUP: 2803
5 66 #SUP: 2832
5 34 #SUP: 2889
5 62 #SUP: 2859
5 7 #SUP: 2859
5 36 #SUP: 2874
5 60 #SUP: 2924
5 40 #SUP: 2950
5 29 #SUP: 2964
5 52 #SUP: 2960
5 58 #SUP: 2970
9 56 #SUP: 2752
9 34 #SUP: 2753
9 62 #SUP: 2750
7 9 #SUP: 2755
9 36 #SUP: 2777
9 60 #SUP: 2835
9 40 #SUP: 2852
9 29 #SUP: 2866
9 52 #SUP: 2866
9 58 #SUP: 2873
25 48 #SUP: 2749
25 62 #SUP: 2738
7 25 #SUP: 2743
25 36 #SUP: 2794
25 60 #SUP: 2832
25 40 #SUP: 2834
25 29 #SUP: 2848
25 52 #SUP: 2850
25 58 #SUP: 2859
3 62 #SUP: 2724
3 7 #SUP: 2765
3 36 #SUP: 2746
3 60 #SUP: 2805
3 40 #SUP: 2813
3 29 #SUP: 2839
3 52 #SUP: 2830
3 58 #SUP: 2839
3 52 58 #SUP: 2830
3 29 52 #SUP: 2830
3 29 58 #SUP: 2839
3 29 40 #SUP: 2813
3 40 52 #SUP: 2804
3 40 58 #SUP: 2813
3 40 60 #SUP: 2780
3 29 60 #SUP: 2805
3 52 60 #SUP: 2796
3 58 60 #SUP: 2805
3 36 40 #SUP: 2720
3 29 36 #SUP: 2746
3 36 52 #SUP: 2737
3 36 58 #SUP: 2746
3 7 60 #SUP: 2731
3 7 40 #SUP: 2739
3 7 29 #SUP: 2765
3 7 52 #SUP: 2756
3 7 58 #SUP: 2765
3 29 62 #SUP: 2724
3 58 62 #SUP: 2724
25 52 58 #SUP: 2849
25 29 52 #SUP: 2838
25 29 58 #SUP: 2847
25 29 40 #SUP: 2822
25 40 52 #SUP: 2824
25 40 58 #SUP: 2833
25 40 60 #SUP: 2807
25 29 60 #SUP: 2820
25 52 60 #SUP: 2822
25 58 60 #SUP: 2831
25 36 60 #SUP: 2766
25 36 40 #SUP: 2768
25 29 36 #SUP: 2782
25 36 52 #SUP: 2784
25 36 58 #SUP: 2793
7 25 40 #SUP: 2717
7 25 29 #SUP: 2737
7 25 52 #SUP: 2733
7 25 58 #SUP: 2742
25 40 62 #SUP: 2723
25 29 62 #SUP: 2726
25 52 62 #SUP: 2728
25 58 62 #SUP: 2738
25 36 48 #SUP: 2730
25 48 60 #SUP: 2731
25 40 48 #SUP: 2723
25 29 48 #SUP: 2737
25 48 52 #SUP: 2739
25 48 58 #SUP: 2748
9 52 58 #SUP: 2865
9 29 52 #SUP: 2858
9 29 58 #SUP: 2865
9 29 40 #SUP: 2844
9 40 52 #SUP: 2844
9 40 58 #SUP: 2851
9 40 60 #SUP: 2813
9 29 60 #SUP: 2829
9 52 60 #SUP: 2827
9 58 60 #SUP: 2834
9 36 60 #SUP: 2738
9 36 40 #SUP: 2755
9 29 36 #SUP: 2769
9 36 52 #SUP: 2769
9 36 58 #SUP: 2776
7 9 60 #SUP: 2718
7 9 40 #SUP: 2733
7 9 29 #SUP: 2755
7 9 52 #SUP: 2747
7 9 58 #SUP: 2754
9 40 62 #SUP: 2738
9 29 62 #SUP: 2742
9 52 62 #SUP: 2742
9 58 62 #SUP: 2750
9 34 40 #SUP: 2733
9 29 34 #SUP: 2751
9 34 52 #SUP: 2745
9 34 58 #SUP: 2752
9 40 56 #SUP: 2730
9 29 56 #SUP: 2744
9 52 56 #SUP: 2747
9 56 58 #SUP: 2751
5 52 58 #SUP: 2959
5 29 52 #SUP: 2953
5 29 58 #SUP: 2963
5 29 40 #SUP: 2943
5 40 52 #SUP: 2939
5 40 58 #SUP: 2949
5 40 60 #SUP: 2904
5 29 60 #SUP: 2919
5 52 60 #SUP: 2913
5 58 60 #SUP: 2923
5 36 60 #SUP: 2827
5 36 40 #SUP: 2853
5 29 36 #SUP: 2867
5 36 52 #SUP: 2863
5 36 58 #SUP: 2873
5 7 36 #SUP: 2762
5 7 60 #SUP: 2814
5 7 40 #SUP: 2838
5 7 29 #SUP: 2856
5 7 52 #SUP: 2848
5 7 58 #SUP: 2858
5 7 62 #SUP: 2747
5 36 62 #SUP: 2762
5 60 62 #SUP: 2813
5 40 62 #SUP: 2846
5 29 62 #SUP: 2852
5 52 62 #SUP: 2848
5 58 62 #SUP: 2859
5 34 62 #SUP: 2778
5 7 34 #SUP: 2783
5 34 36 #SUP: 2792
5 34 60 #SUP: 2844
5 34 40 #SUP: 2870
5 29 34 #SUP: 2885
5 34 52 #SUP: 2880
5 34 58 #SUP: 2888
5 34 66 #SUP: 2753
5 62 66 #SUP: 2725
5 7 66 #SUP: 2723
5 36 66 #SUP: 2735
5 60 66 #SUP: 2832
5 40 66 #SUP: 2812
5 29 66 #SUP: 2828
5 52 66 #SUP: 2821
5 58 66 #SUP: 2831
5 34 56 #SUP: 2736
5 56 62 #SUP: 2722
5 56 60 #SUP: 2756
5 40 56 #SUP: 2783
5 29 56 #SUP: 2796
5 52 56 #SUP: 2798
5 56 58 #SUP: 2802
5 36 48 #SUP: 2762
5 48 60 #SUP: 2761
5 40 48 #SUP: 2767
5 29 48 #SUP: 2781
5 48 52 #SUP: 2777
5 48 58 #SUP: 2787
48 52 58 #SUP: 3001
29 48 52 #SUP: 2987
29 48 58 #SUP: 2997
29 40 48 #SUP: 2972
40 48 52 #SUP: 2976
40 48 58 #SUP: 2986
40 48 60 #SUP: 2961
29 48 60 #SUP: 2973
48 52 60 #SUP: 2975
48 58 60 #SUP: 2985
36 48 60 #SUP: 2960
36 40 48 #SUP: 2961
29 36 48 #SUP: 2972
36 48 52 #SUP: 2976
36 48 58 #SUP: 2986
7 36 48 #SUP: 2867
7 48 60 #SUP: 2868
7 40 48 #SUP: 2867
7 29 48 #SUP: 2886
7 48 52 #SUP: 2882
7 48 58 #SUP: 2892
7 48 62 #SUP: 2757
36 48 62 #SUP: 2851
48 60 62 #SUP: 2851
40 48 62 #SUP: 2862
29 48 62 #SUP: 2862
48 52 62 #SUP: 2866
48 58 62 #SUP: 2877
34 48 62 #SUP: 2730
7 34 48 #SUP: 2747
34 36 48 #SUP: 2831
34 48 60 #SUP: 2832
34 40 48 #SUP: 2834
29 34 48 #SUP: 2853
34 48 52 #SUP: 2848
34 48 58 #SUP: 2856
34 48 66 #SUP: 2738
48 62 66 #SUP: 2744
7 48 66 #SUP: 2758
36 48 66 #SUP: 2847
48 60 66 #SUP: 2873
40 48 66 #SUP: 2849
29 48 66 #SUP: 2865
48 52 66 #SUP: 2862
48 58 66 #SUP: 2872
48 56 62 #SUP: 2740
7 48 56 #SUP: 2736
36 48 56 #SUP: 2812
48 56 60 #SUP: 2811
40 48 56 #SUP: 2813
29 48 56 #SUP: 2823
48 52 56 #SUP: 2833
48 56 58 #SUP: 2837
52 56 58 #SUP: 3015
29 52 56 #SUP: 3001
29 56 58 #SUP: 3005
29 40 56 #SUP: 2981
40 52 56 #SUP: 2991
40 56 58 #SUP: 2995
40 56 60 #SUP: 2950
29 56 60 #SUP: 2961
52 56 60 #SUP: 2969
56 58 60 #SUP: 2973
36 56 60 #SUP: 2877
36 40 56 #SUP: 2899
29 36 56 #SUP: 2909
36 52 56 #SUP: 2919
36 56 58 #SUP: 2923
7 36 56 #SUP: 2822
7 56 60 #SUP: 2874
7 40 56 #SUP: 2894
7 29 56 #SUP: 2912
7 52 56 #SUP: 2914
7 56 58 #SUP: 2918
7 56 62 #SUP: 2821
36 56 62 #SUP: 2826
56 60 62 #SUP: 2877
40 56 62 #SUP: 2909
29 56 62 #SUP: 2908
52 56 62 #SUP: 2918
56 58 62 #SUP: 2923
34 56 62 #SUP: 2791
7 34 56 #SUP: 2790
34 36 56 #SUP: 2787
34 56 60 #SUP: 2839
34 40 56 #SUP: 2861
29 34 56 #SUP: 2880
34 52 56 #SUP: 2879
34 56 58 #SUP: 2883
34 56 66 #SUP: 2730
56 62 66 #SUP: 2755
7 56 66 #SUP: 2749
36 56 66 #SUP: 2749
56 60 66 #SUP: 2846
40 56 66 #SUP: 2823
29 56 66 #SUP: 2838
52 56 66 #SUP: 2841
56 58 66 #SUP: 2845
52 58 66 #SUP: 3009
29 52 66 #SUP: 3002
29 58 66 #SUP: 3012
29 40 66 #SUP: 2989
40 52 66 #SUP: 2986
40 58 66 #SUP: 2996
40 60 66 #SUP: 2997
29 60 66 #SUP: 3013
52 60 66 #SUP: 3010
58 60 66 #SUP: 3020
36 60 66 #SUP: 2924
36 40 66 #SUP: 2900
29 36 66 #SUP: 2916
36 52 66 #SUP: 2913
36 58 66 #SUP: 2923
7 36 66 #SUP: 2809
7 60 66 #SUP: 2906
7 40 66 #SUP: 2882
7 29 66 #SUP: 2902
7 52 66 #SUP: 2895
7 58 66 #SUP: 2905
7 62 66 #SUP: 2777
36 62 66 #SUP: 2795
60 62 66 #SUP: 2892
40 62 66 #SUP: 2877
29 62 66 #SUP: 2884
52 62 66 #SUP: 2881
58 62 66 #SUP: 2892
34 62 66 #SUP: 2766
7 34 66 #SUP: 2777
34 36 66 #SUP: 2789
34 60 66 #SUP: 2886
34 40 66 #SUP: 2865
29 34 66 #SUP: 2882
34 52 66 #SUP: 2877
34 58 66 #SUP: 2885
34 52 58 #SUP: 3030
29 34 52 #SUP: 3027
29 34 58 #SUP: 3035
29 34 40 #SUP: 3013
34 40 52 #SUP: 3008
34 40 58 #SUP: 3016
34 40 60 #SUP: 2973
29 34 60 #SUP: 2991
34 52 60 #SUP: 2986
34 58 60 #SUP: 2994
34 36 60 #SUP: 2898
34 36 40 #SUP: 2920
29 34 36 #SUP: 2939
34 36 52 #SUP: 2934
34 36 58 #SUP: 2942
7 34 36 #SUP: 2833
7 34 60 #SUP: 2885
7 34 40 #SUP: 2907
7 29 34 #SUP: 2928
7 34 52 #SUP: 2921
7 34 58 #SUP: 2929
7 34 62 #SUP: 2803
34 36 62 #SUP: 2816
34 60 62 #SUP: 2869
34 40 62 #SUP: 2901
29 34 62 #SUP: 2909
34 52 62 #SUP: 2904
34 58 62 #SUP: 2913
52 58 62 #SUP: 3049
29 52 62 #SUP: 3034
29 58 62 #SUP: 3045
29 40 62 #SUP: 3030
40 52 62 #SUP: 3034
40 58 62 #SUP: 3045
40 60 62 #SUP: 2999
29 60 62 #SUP: 3001
52 60 62 #SUP: 3003
58 60 62 #SUP: 3014
36 60 62 #SUP: 2917
36 40 62 #SUP: 2948
29 36 62 #SUP: 2948
36 52 62 #SUP: 2952
36 58 62 #SUP: 2963
7 36 62 #SUP: 2843
7 60 62 #SUP: 2896
7 40 62 #SUP: 2925
7 29 62 #SUP: 2933
7 52 62 #SUP: 2929
7 58 62 #SUP: 2940
7 52 58 #SUP: 3064
7 29 52 #SUP: 3058
7 29 58 #SUP: 3068
7 29 40 #SUP: 3043
7 40 52 #SUP: 3039
7 40 58 #SUP: 3049
7 40 60 #SUP: 3006
7 29 60 #SUP: 3024
7 52 60 #SUP: 3020
7 58 60 #SUP: 3030
7 36 60 #SUP: 2934
7 36 40 #SUP: 2953
7 29 36 #SUP: 2972
7 36 52 #SUP: 2968
7 36 58 #SUP: 2978
36 52 58 #SUP: 3087
29 36 52 #SUP: 3073
29 36 58 #SUP: 3083
29 36 40 #SUP: 3058
36 40 52 #SUP: 3062
36 40 58 #SUP: 3072
36 40 60 #SUP: 3027
29 36 60 #SUP: 3039
36 52 60 #SUP: 3041
36 58 60 #SUP: 3051
52 58 60 #SUP: 3137
29 52 60 #SUP: 3125
29 58 60 #SUP: 3135
29 40 60 #SUP: 3111
40 52 60 #SUP: 3113
40 58 60 #SUP: 3123
40 52 58 #SUP: 3158
29 40 52 #SUP: 3144
29 40 58 #SUP: 3154
29 52 58 #SUP: 3169
29 40 52 58 #SUP: 3143
40 52 58 60 #SUP: 3112
29 40 52 60 #SUP: 3100
29 40 58 60 #SUP: 3110
29 52 58 60 #SUP: 3124
36 52 58 60 #SUP: 3040
29 36 52 60 #SUP: 3028
29 36 58 60 #SUP: 3038
29 36 40 60 #SUP: 3014
36 40 52 60 #SUP: 3016
36 40 58 60 #SUP: 3026
36 40 52 58 #SUP: 3061
29 36 40 52 #SUP: 3047
29 36 40 58 #SUP: 3057
29 36 52 58 #SUP: 3072
7 36 52 58 #SUP: 2967
7 29 36 52 #SUP: 2961
7 29 36 58 #SUP: 2971
7 29 36 40 #SUP: 2946
7 36 40 52 #SUP: 2942
7 36 40 58 #SUP: 2952
7 36 40 60 #SUP: 2909
7 29 36 60 #SUP: 2927
7 36 52 60 #SUP: 2923
7 36 58 60 #SUP: 2933
7 52 58 60 #SUP: 3019
7 29 52 60 #SUP: 3013
7 29 58 60 #SUP: 3023
7 29 40 60 #SUP: 2999
7 40 52 60 #SUP: 2995
7 40 58 60 #SUP: 3005
7 40 52 58 #SUP: 3038
7 29 40 52 #SUP: 3032
7 29 40 58 #SUP: 3042
7 29 52 58 #SUP: 3057
7 52 58 62 #SUP: 2929
7 29 52 62 #SUP: 2922
7 29 58 62 #SUP: 2933
7 29 40 62 #SUP: 2918
7 40 52 62 #SUP: 2914
7 40 58 62 #SUP: 2925
7 40 60 62 #SUP: 2881
7 29 60 62 #SUP: 2889
7 52 60 62 #SUP: 2885
7 58 60 62 #SUP: 2896
7 36 60 62 #SUP: 2799
7 36 40 62 #SUP: 2828
7 29 36 62 #SUP: 2836
7 36 52 62 #SUP: 2832
7 36 58 62 #SUP: 2843
36 52 58 62 #SUP: 2952
29 36 52 62 #SUP: 2937
29 36 58 62 #SUP: 2948
29 36 40 62 #SUP: 2933
36 40 52 62 #SUP: 2937
36 40 58 62 #SUP: 2948
36 40 60 62 #SUP: 2902
29 36 60 62 #SUP: 2904
36 52 60 62 #SUP: 2906
36 58 60 62 #SUP: 2917
52 58 60 62 #SUP: 3003
29 52 60 62 #SUP: 2990
29 58 60 62 #SUP: 3001
29 40 60 62 #SUP: 2986
40 52 60 62 #SUP: 2988
40 58 60 62 #SUP: 2999
40 52 58 62 #SUP: 3034
29 40 52 62 #SUP: 3019
29 40 58 62 #SUP: 3030
29 52 58 62 #SUP: 3034
34 52 58 62 #SUP: 2904
29 34 52 62 #SUP: 2900
29 34 58 62 #SUP: 2909
29 34 40 62 #SUP: 2897
34 40 52 62 #SUP: 2892
34 40 58 62 #SUP: 2901
34 40 60 62 #SUP: 2857
29 34 60 62 #SUP: 2865
34 52 60 62 #SUP: 2860
34 58 60 62 #SUP: 2869
34 36 60 62 #SUP: 2772
34 36 40 62 #SUP: 2804
29 34 36 62 #SUP: 2812
34 36 52 62 #SUP: 2807
34 36 58 62 #SUP: 2816
7 34 60 62 #SUP: 2759
7 34 40 62 #SUP: 2791
7 29 34 62 #SUP: 2801
7 34 52 62 #SUP: 2794
7 34 58 62 #SUP: 2803
7 34 52 58 #SUP: 2920
7 29 34 52 #SUP: 2919
7 29 34 58 #SUP: 2927
7 29 34 40 #SUP: 2905
7 34 40 52 #SUP: 2898
7 34 40 58 #SUP: 2906
7 34 40 60 #SUP: 2863
7 29 34 60 #SUP: 2883
7 34 52 60 #SUP: 2876
7 34 58 60 #SUP: 2884
7 34 36 60 #SUP: 2788
7 34 36 40 #SUP: 2810
7 29 34 36 #SUP: 2831
7 34 36 52 #SUP: 2824
7 34 36 58 #SUP: 2832
34 36 52 58 #SUP: 2933
29 34 36 52 #SUP: 2930
29 34 36 58 #SUP: 2938
29 34 36 40 #SUP: 2916
34 36 40 52 #SUP: 2911
34 36 40 58 #SUP: 2919
34 36 40 60 #SUP: 2876
29 34 36 60 #SUP: 2894
34 36 52 60 #SUP: 2889
34 36 58 60 #SUP: 2897
34 52 58 60 #SUP: 2985
29 34 52 60 #SUP: 2982
29 34 58 60 #SUP: 2990
29 34 40 60 #SUP: 2969
34 40 52 60 #SUP: 2964
34 40 58 60 #SUP: 2972
34 40 52 58 #SUP: 3007
29 34 40 52 #SUP: 3004
29 34 40 58 #SUP: 3012
29 34 52 58 #SUP: 3026
34 52 58 66 #SUP: 2876
29 34 52 66 #SUP: 2873
29 34 58 66 #SUP: 2881
29 34 40 66 #SUP: 2861
34 40 52 66 #SUP: 2856
34 40 58 66 #SUP: 2864
34 40 60 66 #SUP: 2865
29 34 60 66 #SUP: 2882
34 52 60 66 #SUP: 2877
34 58 60 66 #SUP: 2885
34 36 60 66 #SUP: 2789
34 36 40 66 #SUP: 2768
29 34 36 66 #SUP: 2785
34 36 52 66 #SUP: 2780
34 36 58 66 #SUP: 2788
7 34 60 66 #SUP: 2777
7 34 40 66 #SUP: 2756
7 29 34 66 #SUP: 2775
7 34 52 66 #SUP: 2768
7 34 58 66 #SUP: 2776
34 60 62 66 #SUP: 2766
34 40 62 66 #SUP: 2754
29 34 62 66 #SUP: 2762
34 52 62 66 #SUP: 2757
34 58 62 66 #SUP: 2766
52 58 62 66 #SUP: 2881
29 52 62 66 #SUP: 2873
29 58 62 66 #SUP: 2884
29 40 62 66 #SUP: 2869
40 52 62 66 #SUP: 2866
40 58 62 66 #SUP: 2877
40 60 62 66 #SUP: 2877
29 60 62 66 #SUP: 2884
52 60 62 66 #SUP: 2881
58 60 62 66 #SUP: 2892
36 60 62 66 #SUP: 2795
36 40 62 66 #SUP: 2780
29 36 62 66 #SUP: 2787
36 52 62 66 #SUP: 2784
36 58 62 66 #SUP: 2795
7 60 62 66 #SUP: 2777
7 40 62 66 #SUP: 2762
7 29 62 66 #SUP: 2773
7 52 62 66 #SUP: 2766
7 58 62 66 #SUP: 2777
7 52 58 66 #SUP: 2894
7 29 52 66 #SUP: 2891
7 29 58 66 #SUP: 2901
7 29 40 66 #SUP: 2878
7 40 52 66 #SUP: 2871
7 40 58 66 #SUP: 2881
7 40 60 66 #SUP: 2882
7 29 60 66 #SUP: 2902
7 52 60 66 #SUP: 2895
7 58 60 66 #SUP: 2905
7 36 60 66 #SUP: 2809
7 36 40 66 #SUP: 2785
7 29 36 66 #SUP: 2805
7 36 52 66 #SUP: 2798
7 36 58 66 #SUP: 2808
36 52 58 66 #SUP: 2912
29 36 52 66 #SUP: 2905
29 36 58 66 #SUP: 2915
29 36 40 66 #SUP: 2892
36 40 52 66 #SUP: 2889
36 40 58 66 #SUP: 2899
36 40 60 66 #SUP: 2900
29 36 60 66 #SUP: 2916
36 52 60 66 #SUP: 2913
36 58 60 66 #SUP: 2923
52 58 60 66 #SUP: 3009
29 52 60 66 #SUP: 3002
29 58 60 66 #SUP: 3012
29 40 60 66 #SUP: 2989
40 52 60 66 #SUP: 2986
40 58 60 66 #SUP: 2996
40 52 58 66 #SUP: 2985
29 40 52 66 #SUP: 2978
29 40 58 66 #SUP: 2988
29 52 58 66 #SUP: 3001
52 56 58 66 #SUP: 2840
29 52 56 66 #SUP: 2833
29 56 58 66 #SUP: 2837
29 40 56 66 #SUP: 2815
40 52 56 66 #SUP: 2818
40 56 58 66 #SUP: 2822
40 56 60 66 #SUP: 2823
29 56 60 66 #SUP: 2838
52 56 60 66 #SUP: 2841
56 58 60 66 #SUP: 2845
36 56 60 66 #SUP: 2749
36 40 56 66 #SUP: 2726
29 36 56 66 #SUP: 2741
36 52 56 66 #SUP: 2744
36 56 58 66 #SUP: 2748
7 56 60 66 #SUP: 2749
7 40 56 66 #SUP: 2726
7 29 56 66 #SUP: 2745
7 52 56 66 #SUP: 2744
7 56 58 66 #SUP: 2748
56 60 62 66 #SUP: 2755
40 56 62 66 #SUP: 2741
29 56 62 66 #SUP: 2747
52 56 62 66 #SUP: 2750
56 58 62 66 #SUP: 2755
34 56 60 66 #SUP: 2730
29 34 56 66 #SUP: 2726
34 52 56 66 #SUP: 2725
34 56 58 66 #SUP: 2729
34 52 56 58 #SUP: 2878
29 34 52 56 #SUP: 2875
29 34 56 58 #SUP: 2879
29 34 40 56 #SUP: 2857
34 40 52 56 #SUP: 2856
34 40 56 58 #SUP: 2860
34 40 56 60 #SUP: 2817
29 34 56 60 #SUP: 2835
34 52 56 60 #SUP: 2834
34 56 58 60 #SUP: 2838
34 36 56 60 #SUP: 2742
34 36 40 56 #SUP: 2764
29 34 36 56 #SUP: 2783
34 36 52 56 #SUP: 2782
34 36 56 58 #SUP: 2786
7 34 56 60 #SUP: 2745
7 34 40 56 #SUP: 2767
7 29 34 56 #SUP: 2788
7 34 52 56 #SUP: 2785
7 34 56 58 #SUP: 2789
34 56 60 62 #SUP: 2747
34 40 56 62 #SUP: 2779
29 34 56 62 #SUP: 2787
34 52 56 62 #SUP: 2786
34 56 58 62 #SUP: 2791
52 56 58 62 #SUP: 2918
29 52 56 62 #SUP: 2903
29 56 58 62 #SUP: 2908
29 40 56 62 #SUP: 2894
40 52 56 62 #SUP: 2904
40 56 58 62 #SUP: 2909
40 56 60 62 #SUP: 2863
29 56 60 62 #SUP: 2864
52 56 60 62 #SUP: 2872
56 58 60 62 #SUP: 2877
36 56 60 62 #SUP: 2780
36 40 56 62 #SUP: 2812
29 36 56 62 #SUP: 2811
36 52 56 62 #SUP: 2821
36 56 58 62 #SUP: 2826
7 36 56 62 #SUP: 2724
7 56 60 62 #SUP: 2777
7 40 56 62 #SUP: 2807
7 29 56 62 #SUP: 2814
7 52 56 62 #SUP: 2816
7 56 58 62 #SUP: 2821
7 52 56 58 #SUP: 2913
7 29 52 56 #SUP: 2907
7 29 56 58 #SUP: 2911
7 29 40 56 #SUP: 2887
7 40 52 56 #SUP: 2889
7 40 56 58 #SUP: 2893
7 40 56 60 #SUP: 2850
7 29 56 60 #SUP: 2867
7 52 56 60 #SUP: 2869
7 56 58 60 #SUP: 2873
7 36 56 60 #SUP: 2777
7 36 40 56 #SUP: 2797
7 29 36 56 #SUP: 2815
7 36 52 56 #SUP: 2817
7 36 56 58 #SUP: 2821
36 52 56 58 #SUP: 2918
29 36 52 56 #SUP: 2904
29 36 56 58 #SUP: 2908
29 36 40 56 #SUP: 2884
36 40 52 56 #SUP: 2894
36 40 56 58 #SUP: 2898
36 40 56 60 #SUP: 2853
29 36 56 60 #SUP: 2864
36 52 56 60 #SUP: 2872
36 56 58 60 #SUP: 2876
52 56 58 60 #SUP: 2968
29 52 56 60 #SUP: 2956
29 56 58 60 #SUP: 2960
29 40 56 60 #SUP: 2937
40 52 56 60 #SUP: 2945
40 56 58 60 #SUP: 2949
40 52 56 58 #SUP: 2990
29 40 52 56 #SUP: 2976
29 40 56 58 #SUP: 2980
29 52 56 58 #SUP: 3000
48 52 56 58 #SUP: 2832
29 48 52 56 #SUP: 2818
29 48 56 58 #SUP: 2822
29 40 48 56 #SUP: 2798
40 48 52 56 #SUP: 2808
40 48 56 58 #SUP: 2812
40 48 56 60 #SUP: 2787
29 48 56 60 #SUP: 2798
48 52 56 60 #SUP: 2806
48 56 58 60 #SUP: 2810
36 48 56 60 #SUP: 2785
36 40 48 56 #SUP: 2787
29 36 48 56 #SUP: 2797
36 48 52 56 #SUP: 2807
36 48 56 58 #SUP: 2811
7 29 48 56 #SUP: 2729
7 48 52 56 #SUP: 2731
7 48 56 58 #SUP: 2735
40 48 56 62 #SUP: 2726
29 48 56 62 #SUP: 2725
48 52 56 62 #SUP: 2735
48 56 58 62 #SUP: 2740
48 52 58 66 #SUP: 2861
29 48 52 66 #SUP: 2854
29 48 58 66 #SUP: 2864
29 40 48 66 #SUP: 2841
40 48 52 66 #SUP: 2838
40 48 58 66 #SUP: 2848
40 48 60 66 #SUP: 2849
29 48 60 66 #SUP: 2865
48 52 60 66 #SUP: 2862
48 58 60 66 #SUP: 2872
36 48 60 66 #SUP: 2847
36 40 48 66 #SUP: 2823
29 36 48 66 #SUP: 2839
36 48 52 66 #SUP: 2836
36 48 58 66 #SUP: 2846
7 36 48 66 #SUP: 2732
7 48 60 66 #SUP: 2758
7 40 48 66 #SUP: 2734
7 29 48 66 #SUP: 2754
7 48 52 66 #SUP: 2747
7 48 58 66 #SUP: 2757
36 48 62 66 #SUP: 2718
48 60 62 66 #SUP: 2744
40 48 62 66 #SUP: 2729
29 48 62 66 #SUP: 2736
48 52 62 66 #SUP: 2733
48 58 62 66 #SUP: 2744
34 48 60 66 #SUP: 2738
34 40 48 66 #SUP: 2717
29 34 48 66 #SUP: 2734
34 48 52 66 #SUP: 2729
34 48 58 66 #SUP: 2737
34 48 52 58 #SUP: 2847
29 34 48 52 #SUP: 2844
29 34 48 58 #SUP: 2852
29 34 40 48 #SUP: 2830
34 40 48 52 #SUP: 2825
34 40 48 58 #SUP: 2833
34 40 48 60 #SUP: 2810
29 34 48 60 #SUP: 2828
34 48 52 60 #SUP: 2823
34 48 58 60 #SUP: 2831
34 36 48 60 #SUP: 2806
34 36 40 48 #SUP: 2808
29 34 36 48 #SUP: 2827
34 36 48 52 #SUP: 2822
34 36 48 58 #SUP: 2830
7 34 36 48 #SUP: 2721
7 34 48 60 #SUP: 2722
7 34 40 48 #SUP: 2724
7 29 34 48 #SUP: 2745
7 34 48 52 #SUP: 2738
7 34 48 58 #SUP: 2746
34 40 48 62 #SUP: 2718
29 34 48 62 #SUP: 2726
34 48 52 62 #SUP: 2721
34 48 58 62 #SUP: 2730
48 52 58 62 #SUP: 2866
29 48 52 62 #SUP: 2851
29 48 58 62 #SUP: 2862
29 40 48 62 #SUP: 2847
40 48 52 62 #SUP: 2851
40 48 58 62 #SUP: 2862
40 48 60 62 #SUP: 2836
29 48 60 62 #SUP: 2838
48 52 60 62 #SUP: 2840
48 58 60 62 #SUP: 2851
36 48 60 62 #SUP: 2825
36 40 48 62 #SUP: 2836
29 36 48 62 #SUP: 2836
36 48 52 62 #SUP: 2840
36 48 58 62 #SUP: 2851
7 36 48 62 #SUP: 2731
7 48 60 62 #SUP: 2733
7 40 48 62 #SUP: 2742
7 29 48 62 #SUP: 2750
7 48 52 62 #SUP: 2746
7 48 58 62 #SUP: 2757
7 48 52 58 #SUP: 2881
7 29 48 52 #SUP: 2875
7 29 48 58 #SUP: 2885
7 29 40 48 #SUP: 2860
7 40 48 52 #SUP: 2856
7 40 48 58 #SUP: 2866
7 40 48 60 #SUP: 2843
7 29 48 60 #SUP: 2861
7 48 52 60 #SUP: 2857
7 48 58 60 #SUP: 2867
7 36 48 60 #SUP: 2842
7 36 40 48 #SUP: 2841
7 29 36 48 #SUP: 2860
7 36 48 52 #SUP: 2856
7 36 48 58 #SUP: 2866
36 48 52 58 #SUP: 2975
29 36 48 52 #SUP: 2961
29 36 48 58 #SUP: 2971
29 36 40 48 #SUP: 2946
36 40 48 52 #SUP: 2950
36 40 48 58 #SUP: 2960
36 40 48 60 #SUP: 2935
29 36 48 60 #SUP: 2947
36 48 52 60 #SUP: 2949
36 48 58 60 #SUP: 2959
48 52 58 60 #SUP: 2974
29 48 52 60 #SUP: 2962
29 48 58 60 #SUP: 2972
29 40 48 60 #SUP: 2948
40 48 52 60 #SUP: 2950
40 48 58 60 #SUP: 2960
40 48 52 58 #SUP: 2975
29 40 48 52 #SUP: 2961
29 40 48 58 #SUP: 2971
29 48 52 58 #SUP: 2986
5 48 52 58 #SUP: 2776
5 29 48 52 #SUP: 2770
5 29 48 58 #SUP: 2780
5 29 40 48 #SUP: 2760
5 40 48 52 #SUP: 2756
5 40 48 58 #SUP: 2766
5 40 48 60 #SUP: 2741
5 29 48 60 #SUP: 2756
5 48 52 60 #SUP: 2750
5 48 58 60 #SUP: 2760
5 36 48 60 #SUP: 2735
5 36 40 48 #SUP: 2741
5 29 36 48 #SUP: 2755
5 36 48 52 #SUP: 2751
5 36 48 58 #SUP: 2761
5 52 56 58 #SUP: 2797
5 29 52 56 #SUP: 2791
5 29 56 58 #SUP: 2795
5 29 40 56 #SUP: 2776
5 40 52 56 #SUP: 2778
5 40 56 58 #SUP: 2782
5 40 56 60 #SUP: 2737
5 29 56 60 #SUP: 2751
5 52 56 60 #SUP: 2751
5 56 58 60 #SUP: 2755
5 52 56 62 #SUP: 2717
5 56 58 62 #SUP: 2722
5 34 40 56 #SUP: 2717
5 29 34 56 #SUP: 2732
5 34 52 56 #SUP: 2731
5 34 56 58 #SUP: 2735
5 52 58 66 #SUP: 2820
5 29 52 66 #SUP: 2817
5 29 58 66 #SUP: 2827
5 29 40 66 #SUP: 2808
5 40 52 66 #SUP: 2801
5 40 58 66 #SUP: 2811
5 40 60 66 #SUP: 2812
5 29 60 66 #SUP: 2828
5 52 60 66 #SUP: 2821
5 58 60 66 #SUP: 2831
5 36 60 66 #SUP: 2735
5 29 36 66 #SUP: 2731
5 36 52 66 #SUP: 2724
5 36 58 66 #SUP: 2734
5 7 60 66 #SUP: 2723
5 7 29 66 #SUP: 2721
5 7 58 66 #SUP: 2722
5 60 62 66 #SUP: 2725
5 29 62 66 #SUP: 2721
5 58 62 66 #SUP: 2725
5 34 60 66 #SUP: 2753
5 34 40 66 #SUP: 2735
5 29 34 66 #SUP: 2749
5 34 52 66 #SUP: 2744
5 34 58 66 #SUP: 2752
5 34 52 58 #SUP: 2879
5 29 34 52 #SUP: 2876
5 29 34 58 #SUP: 2884
5 29 34 40 #SUP: 2866
5 34 40 52 #SUP: 2861
5 34 40 58 #SUP: 2869
5 34 40 60 #SUP: 2826
5 29 34 60 #SUP: 2840
5 34 52 60 #SUP: 2835
5 34 58 60 #SUP: 2843
5 34 36 60 #SUP: 2747
5 34 36 40 #SUP: 2773
5 29 34 36 #SUP: 2788
5 34 36 52 #SUP: 2783
5 34 36 58 #SUP: 2791
5 7 34 60 #SUP: 2738
5 7 34 40 #SUP: 2764
5 7 29 34 #SUP: 2781
5 7 34 52 #SUP: 2774
5 7 34 58 #SUP: 2782
5 34 60 62 #SUP: 2734
5 34 40 62 #SUP: 2767
5 29 34 62 #SUP: 2774
5 34 52 62 #SUP: 2769
5 34 58 62 #SUP: 2778
5 52 58 62 #SUP: 2848
5 29 52 62 #SUP: 2841
5 29 58 62 #SUP: 2852
5 29 40 62 #SUP: 2839
5 40 52 62 #SUP: 2835
5 40 58 62 #SUP: 2846
5 40 60 62 #SUP: 2800
5 29 60 62 #SUP: 2808
5 52 60 62 #SUP: 2802
5 58 60 62 #SUP: 2813
5 36 40 62 #SUP: 2749
5 29 36 62 #SUP: 2755
5 36 52 62 #SUP: 2751
5 36 58 62 #SUP: 2762
5 7 40 62 #SUP: 2734
5 7 29 62 #SUP: 2744
5 7 52 62 #SUP: 2736
5 7 58 62 #SUP: 2747
5 7 52 58 #SUP: 2847
5 7 29 52 #SUP: 2845
5 7 29 58 #SUP: 2855
5 7 29 40 #SUP: 2835
5 7 40 52 #SUP: 2827
5 7 40 58 #SUP: 2837
5 7 40 60 #SUP: 2794
5 7 29 60 #SUP: 2811
5 7 52 60 #SUP: 2803
5 7 58 60 #SUP: 2813
5 7 36 60 #SUP: 2717
5 7 36 40 #SUP: 2741
5 7 29 36 #SUP: 2759
5 7 36 52 #SUP: 2751
5 7 36 58 #SUP: 2761
5 36 52 58 #SUP: 2862
5 29 36 52 #SUP: 2856
5 29 36 58 #SUP: 2866
5 29 36 40 #SUP: 2846
5 36 40 52 #SUP: 2842
5 36 40 58 #SUP: 2852
5 36 40 60 #SUP: 2807
5 29 36 60 #SUP: 2822
5 36 52 60 #SUP: 2816
5 36 58 60 #SUP: 2826
5 52 58 60 #SUP: 2912
5 29 52 60 #SUP: 2908
5 29 58 60 #SUP: 2918
5 29 40 60 #SUP: 2899
5 40 52 60 #SUP: 2893
5 40 58 60 #SUP: 2903
5 40 52 58 #SUP: 2938
5 29 40 52 #SUP: 2932
5 29 40 58 #SUP: 2942
5 29 52 58 #SUP: 2952
9 52 56 58 #SUP: 2746
9 29 52 56 #SUP: 2739
9 29 56 58 #SUP: 2743
9 29 40 56 #SUP: 2722
9 40 52 56 #SUP: 2725
9 40 56 58 #SUP: 2729
9 34 52 58 #SUP: 2744
9 29 34 52 #SUP: 2743
9 29 34 58 #SUP: 2750
9 29 34 40 #SUP: 2731
9 34 40 52 #SUP: 2725
9 34 40 58 #SUP: 2732
9 52 58 62 #SUP: 2742
9 29 52 62 #SUP: 2734
9 29 58 62 #SUP: 2742
9 29 40 62 #SUP: 2730
9 40 52 62 #SUP: 2730
9 40 58 62 #SUP: 2738
7 9 52 58 #SUP: 2746
7 9 29 52 #SUP: 2747
7 9 29 58 #SUP: 2754
7 9 29 40 #SUP: 2733
7 9 40 52 #SUP: 2725
7 9 40 58 #SUP: 2732
7 9 29 60 #SUP: 2718
7 9 58 60 #SUP: 2717
9 36 52 58 #SUP: 2768
9 29 36 52 #SUP: 2761
9 29 36 58 #SUP: 2768
9 29 36 40 #SUP: 2747
9 36 40 52 #SUP: 2747
9 36 40 58 #SUP: 2754
9 29 36 60 #SUP: 2732
9 36 52 60 #SUP: 2730
9 36 58 60 #SUP: 2737
9 52 58 60 #SUP: 2826
9 29 52 60 #SUP: 2821
9 29 58 60 #SUP: 2828
9 29 40 60 #SUP: 2807
9 40 52 60 #SUP: 2805
9 40 58 60 #SUP: 2812
9 40 52 58 #SUP: 2843
9 29 40 52 #SUP: 2836
9 29 40 58 #SUP: 2843
9 29 52 58 #SUP: 2857
25 48 52 58 #SUP: 2738
25 29 48 52 #SUP: 2727
25 29 48 58 #SUP: 2736
25 40 48 58 #SUP: 2722
25 29 48 60 #SUP: 2719
25 48 52 60 #SUP: 2721
25 48 58 60 #SUP: 2730
25 29 36 48 #SUP: 2718
25 36 48 52 #SUP: 2720
25 36 48 58 #SUP: 2729
25 52 58 62 #SUP: 2728
25 29 58 62 #SUP: 2726
25 40 58 62 #SUP: 2723
7 25 52 58 #SUP: 2732
7 25 29 52 #SUP: 2727
7 25 29 58 #SUP: 2736
25 36 52 58 #SUP: 2783
25 29 36 52 #SUP: 2772
25 29 36 58 #SUP: 2781
25 29 36 40 #SUP: 2756
25 36 40 52 #SUP: 2758
25 36 40 58 #SUP: 2767
25 36 40 60 #SUP: 2741
25 29 36 60 #SUP: 2754
25 36 52 60 #SUP: 2756
25 36 58 60 #SUP: 2765
25 52 58 60 #SUP: 2821
25 29 52 60 #SUP: 2810
25 29 58 60 #SUP: 2819
25 29 40 60 #SUP: 2795
25 40 52 60 #SUP: 2797
25 40 58 60 #SUP: 2806
25 40 52 58 #SUP: 2823
25 29 40 52 #SUP: 2812
25 29 40 58 #SUP: 2821
25 29 52 58 #SUP: 2837
3 29 58 62 #SUP: 2724
3 7 52 58 #SUP: 2756
3 7 29 52 #SUP: 2756
3 7 29 58 #SUP: 2765
3 7 29 40 #SUP: 2739
3 7 40 52 #SUP: 2730
3 7 40 58 #SUP: 2739
3 7 29 60 #SUP: 2731
3 7 52 60 #SUP: 2722
3 7 58 60 #SUP: 2731
3 36 52 58 #SUP: 2737
3 29 36 52 #SUP: 2737
3 29 36 58 #SUP: 2746
3 29 36 40 #SUP: 2720
3 36 40 58 #SUP: 2720
3 52 58 60 #SUP: 2796
3 29 52 60 #SUP: 2796
3 29 58 60 #SUP: 2805
3 29 40 60 #SUP: 2780
3 40 52 60 #SUP: 2771
3 40 58 60 #SUP: 2780
3 40 52 58 #SUP: 2804
3 29 40 52 #SUP: 2804
3 29 40 58 #SUP: 2813
3 29 52 58 #SUP: 2830
3 29 40 52 58 #SUP: 2804
3 40 52 58 60 #SUP: 2771
3 29 40 52 60 #SUP: 2771
3 29 40 58 60 #SUP: 2780
3 29 52 58 60 #SUP: 2796
3 29 36 40 58 #SUP: 2720
3 29 36 52 58 #SUP: 2737
3 7 52 58 60 #SUP: 2722
3 7 29 52 60 #SUP: 2722
3 7 29 58 60 #SUP: 2731
3 7 40 52 58 #SUP: 2730
3 7 29 40 52 #SUP: 2730
3 7 29 40 58 #SUP: 2739
3 7 29 52 58 #SUP: 2756
25 29 40 52 58 #SUP: 2811
25 40 52 58 60 #SUP: 2796
25 29 40 52 60 #SUP: 2785
25 29 40 58 60 #SUP: 2794
25 29 52 58 60 #SUP: 2809
25 36 52 58 60 #SUP: 2755
25 29 36 52 60 #SUP: 2744
25 29 36 58 60 #SUP: 2753
25 29 36 40 60 #SUP: 2729
25 36 40 52 60 #SUP: 2731
25 36 40 58 60 #SUP: 2740
25 36 40 52 58 #SUP: 2757
25 29 36 40 52 #SUP: 2746
25 29 36 40 58 #SUP: 2755
25 29 36 52 58 #SUP: 2771
7 25 29 52 58 #SUP: 2726
25 36 48 52 58 #SUP: 2719
25 29 36 48 58 #SUP: 2717
25 48 52 58 60 #SUP: 2720
25 29 48 58 60 #SUP: 2718
25 29 48 52 58 #SUP: 2726
9 29 40 52 58 #SUP: 2835
9 40 52 58 60 #SUP: 2804
9 29 40 52 60 #SUP: 2799
9 29 40 58 60 #SUP: 2806
9 29 52 58 60 #SUP: 2820
9 36 52 58 60 #SUP: 2729
9 29 36 52 60 #SUP: 2724
9 29 36 58 60 #SUP: 2731
9 36 40 52 58 #SUP: 2746
9 29 36 40 52 #SUP: 2739
9 29 36 40 58 #SUP: 2746
9 29 36 52 58 #SUP: 2760
7 9 29 58 60 #SUP: 2717
7 9 40 52 58 #SUP: 2724
7 9 29 40 52 #SUP: 2725
7 9 29 40 58 #SUP: 2732
7 9 29 52 58 #SUP: 2746
9 40 52 58 62 #SUP: 2730
9 29 40 52 62 #SUP: 2722
9 29 40 58 62 #SUP: 2730
9 29 52 58 62 #SUP: 2734
9 34 40 52 58 #SUP: 2724
9 29 34 40 52 #SUP: 2723
9 29 34 40 58 #SUP: 2730
9 29 34 52 58 #SUP: 2742
9 40 52 56 58 #SUP: 2724
9 29 40 52 56 #SUP: 2717
9 29 40 56 58 #SUP: 2721
9 29 52 56 58 #SUP: 2738
5 29 40 52 58 #SUP: 2931
5 40 52 58 60 #SUP: 2892
5 29 40 52 60 #SUP: 2888
5 29 40 58 60 #SUP: 2898
5 29 52 58 60 #SUP: 2907
5 36 52 58 60 #SUP: 2815
5 29 36 52 60 #SUP: 2811
5 29 36 58 60 #SUP: 2821
5 29 36 40 60 #SUP: 2802
5 36 40 52 60 #SUP: 2796
5 36 40 58 60 #SUP: 2806
5 36 40 52 58 #SUP: 2841
5 29 36 40 52 #SUP: 2835
5 29 36 40 58 #SUP: 2845
5 29 36 52 58 #SUP: 2855
5 7 36 52 58 #SUP: 2750
5 7 29 36 52 #SUP: 2748
5 7 29 36 58 #SUP: 2758
5 7 29 36 40 #SUP: 2738
5 7 36 40 52 #SUP: 2730
5 7 36 40 58 #SUP: 2740
5 7 52 58 60 #SUP: 2802
5 7 29 52 60 #SUP: 2800
5 7 29 58 60 #SUP: 2810
5 7 29 40 60 #SUP: 2791
5 7 40 52 60 #SUP: 2783
5 7 40 58 60 #SUP: 2793
5 7 40 52 58 #SUP: 2826
5 7 29 40 52 #SUP: 2824
5 7 29 40 58 #SUP: 2834
5 7 29 52 58 #SUP: 2844
5 7 52 58 62 #SUP: 2736
5 7 29 52 62 #SUP: 2733
5 7 29 58 62 #SUP: 2744
5 7 29 40 62 #SUP: 2731
5 7 40 52 62 #SUP: 2723
5 7 40 58 62 #SUP: 2734
5 36 52 58 62 #SUP: 2751
5 29 36 52 62 #SUP: 2744
5 29 36 58 62 #SUP: 2755
5 29 36 40 62 #SUP: 2742
5 36 40 52 62 #SUP: 2738
5 36 40 58 62 #SUP: 2749
5 52 58 60 62 #SUP: 2802
5 29 52 60 62 #SUP: 2797
5 29 58 60 62 #SUP: 2808
5 29 40 60 62 #SUP: 2795
5 40 52 60 62 #SUP: 2789
5 40 58 60 62 #SUP: 2800
5 40 52 58 62 #SUP: 2835
5 29 40 52 62 #SUP: 2828
5 29 40 58 62 #SUP: 2839
5 29 52 58 62 #SUP: 2841
5 34 52 58 62 #SUP: 2769
5 29 34 52 62 #SUP: 2765
5 29 34 58 62 #SUP: 2774
5 29 34 40 62 #SUP: 2763
5 34 40 52 62 #SUP: 2758
5 34 40 58 62 #SUP: 2767
5 34 40 60 62 #SUP: 2723
5 29 34 60 62 #SUP: 2730
5 34 52 60 62 #SUP: 2725
5 34 58 60 62 #SUP: 2734
5 7 34 52 58 #SUP: 2773
5 7 29 34 52 #SUP: 2772
5 7 29 34 58 #SUP: 2780
5 7 29 34 40 #SUP: 2762
5 7 34 40 52 #SUP: 2755
5 7 34 40 58 #SUP: 2763
5 7 34 40 60 #SUP: 2720
5 7 29 34 60 #SUP: 2736
5 7 34 52 60 #SUP: 2729
5 7 34 58 60 #SUP: 2737
5 34 36 52 58 #SUP: 2782
5 29 34 36 52 #SUP: 2779
5 29 34 36 58 #SUP: 2787
5 29 34 36 40 #SUP: 2769
5 34 36 40 52 #SUP: 2764
5 34 36 40 58 #SUP: 2772
5 34 36 40 60 #SUP: 2729
5 29 34 36 60 #SUP: 2743
5 34 36 52 60 #SUP: 2738
5 34 36 58 60 #SUP: 2746
5 34 52 58 60 #SUP: 2834
5 29 34 52 60 #SUP: 2831
5 29 34 58 60 #SUP: 2839
5 29 34 40 60 #SUP: 2822
5 34 40 52 60 #SUP: 2817
5 34 40 58 60 #SUP: 2825
5 34 40 52 58 #SUP: 2860
5 29 34 40 52 #SUP: 2857
5 29 34 40 58 #SUP: 2865
5 29 34 52 58 #SUP: 2875
5 34 52 58 66 #SUP: 2743
5 29 34 52 66 #SUP: 2740
5 29 34 58 66 #SUP: 2748
5 29 34 40 66 #SUP: 2731
5 34 40 52 66 #SUP: 2726
5 34 40 58 66 #SUP: 2734
5 34 40 60 66 #SUP: 2735
5 29 34 60 66 #SUP: 2749
5 34 52 60 66 #SUP: 2744
5 34 58 60 66 #SUP: 2752
5 29 58 62 66 #SUP: 2721
5 29 60 62 66 #SUP: 2721
5 58 60 62 66 #SUP: 2725
5 7 29 58 66 #SUP: 2720
5 7 29 60 66 #SUP: 2721
5 7 58 60 66 #SUP: 2722
5 36 52 58 66 #SUP: 2723
5 29 36 52 66 #SUP: 2720
5 29 36 58 66 #SUP: 2730
5 29 36 60 66 #SUP: 2731
5 36 52 60 66 #SUP: 2724
5 36 58 60 66 #SUP: 2734
5 52 58 60 66 #SUP: 2820
5 29 52 60 66 #SUP: 2817
5 29 58 60 66 #SUP: 2827
5 29 40 60 66 #SUP: 2808
5 40 52 60 66 #SUP: 2801
5 40 58 60 66 #SUP: 2811
5 40 52 58 66 #SUP: 2800
5 29 40 52 66 #SUP: 2797
5 29 40 58 66 #SUP: 2807
5 29 52 58 66 #SUP: 2816
5 34 52 56 58 #SUP: 2730
5 29 34 52 56 #SUP: 2727
5 29 34 56 58 #SUP: 2731
5 52 56 58 62 #SUP: 2717
5 52 56 58 60 #SUP: 2750
5 29 52 56 60 #SUP: 2746
5 29 56 58 60 #SUP: 2750
5 29 40 56 60 #SUP: 2732
5 40 52 56 60 #SUP: 2732
5 40 56 58 60 #SUP: 2736
5 40 52 56 58 #SUP: 2777
5 29 40 52 56 #SUP: 2771
5 29 40 56 58 #SUP: 2775
5 29 52 56 58 #SUP: 2790
5 36 48 52 58 #SUP: 2750
5 29 36 48 52 #SUP: 2744
5 29 36 48 58 #SUP: 2754
5 29 36 40 48 #SUP: 2734
5 36 40 48 52 #SUP: 2730
5 36 40 48 58 #SUP: 2740
5 29 36 48 60 #SUP: 2730
5 36 48 52 60 #SUP: 2724
5 36 48 58 60 #SUP: 2734
5 48 52 58 60 #SUP: 2749
5 29 48 52 60 #SUP: 2745
5 29 48 58 60 #SUP: 2755
5 29 40 48 60 #SUP: 2736
5 40 48 52 60 #SUP: 2730
5 40 48 58 60 #SUP: 2740
5 40 48 52 58 #SUP: 2755
5 29 40 48 52 #SUP: 2749
5 29 40 48 58 #SUP: 2759
5 29 48 52 58 #SUP: 2769
29 40 48 52 58 #SUP: 2960
40 48 52 58 60 #SUP: 2949
29 40 48 52 60 #SUP: 2937
29 40 48 58 60 #SUP: 2947
29 48 52 58 60 #SUP: 2961
36 48 52 58 60 #SUP: 2948
29 36 48 52 60 #SUP: 2936
29 36 48 58 60 #SUP: 2946
29 36 40 48 60 #SUP: 2922
36 40 48 52 60 #SUP: 2924
36 40 48 58 60 #SUP: 2934
36 40 48 52 58 #SUP: 2949
29 36 40 48 52 #SUP: 2935
29 36 40 48 58 #SUP: 2945
29 36 48 52 58 #SUP: 2960
7 36 48 52 58 #SUP: 2855
7 29 36 48 52 #SUP: 2849
7 29 36 48 58 #SUP: 2859
7 29 36 40 48 #SUP: 2834
7 36 40 48 52 #SUP: 2830
7 36 40 48 58 #SUP: 2840
7 36 40 48 60 #SUP: 2817
7 29 36 48 60 #SUP: 2835
7 36 48 52 60 #SUP: 2831
7 36 48 58 60 #SUP: 2841
7 48 52 58 60 #SUP: 2856
7 29 48 52 60 #SUP: 2850
7 29 48 58 60 #SUP: 2860
7 29 40 48 60 #SUP: 2836
7 40 48 52 60 #SUP: 2832
7 40 48 58 60 #SUP: 2842
7 40 48 52 58 #SUP: 2855
7 29 40 48 52 #SUP: 2849
7 29 40 48 58 #SUP: 2859
7 29 48 52 58 #SUP: 2874
7 48 52 58 62 #SUP: 2746
7 29 48 52 62 #SUP: 2739
7 29 48 58 62 #SUP: 2750
7 29 40 48 62 #SUP: 2735
7 40 48 52 62 #SUP: 2731
7 40 48 58 62 #SUP: 2742
7 40 48 60 62 #SUP: 2718
7 29 48 60 62 #SUP: 2726
7 48 52 60 62 #SUP: 2722
7 48 58 60 62 #SUP: 2733
7 29 36 48 62 #SUP: 2724
7 36 48 52 62 #SUP: 2720
7 36 48 58 62 #SUP: 2731
36 48 52 58 62 #SUP: 2840
29 36 48 52 62 #SUP: 2825
29 36 48 58 62 #SUP: 2836
29 36 40 48 62 #SUP: 2821
36 40 48 52 62 #SUP: 2825
36 40 48 58 62 #SUP: 2836
36 40 48 60 62 #SUP: 2810
29 36 48 60 62 #SUP: 2812
36 48 52 60 62 #SUP: 2814
36 48 58 60 62 #SUP: 2825
48 52 58 60 62 #SUP: 2840
29 48 52 60 62 #SUP: 2827
29 48 58 60 62 #SUP: 2838
29 40 48 60 62 #SUP: 2823
40 48 52 60 62 #SUP: 2825
40 48 58 60 62 #SUP: 2836
40 48 52 58 62 #SUP: 2851
29 40 48 52 62 #SUP: 2836
29 40 48 58 62 #SUP: 2847
29 48 52 58 62 #SUP: 2851
34 48 52 58 62 #SUP: 2721
29 34 48 52 62 #SUP: 2717
29 34 48 58 62 #SUP: 2726
34 40 48 58 62 #SUP: 2718
7 34 48 52 58 #SUP: 2737
7 29 34 48 52 #SUP: 2736
7 29 34 48 58 #SUP: 2744
7 29 34 40 48 #SUP: 2722
7 34 40 48 58 #SUP: 2723
7 29 34 48 60 #SUP: 2720
7 34 48 58 60 #SUP: 2721
7 29 34 36 48 #SUP: 2719
7 34 36 48 58 #SUP: 2720
34 36 48 52 58 #SUP: 2821
29 34 36 48 52 #SUP: 2818
29 34 36 48 58 #SUP: 2826
29 34 36 40 48 #SUP: 2804
34 36 40 48 52 #SUP: 2799
34 36 40 48 58 #SUP: 2807
34 36 40 48 60 #SUP: 2784
29 34 36 48 60 #SUP: 2802
34 36 48 52 60 #SUP: 2797
34 36 48 58 60 #SUP: 2805
34 48 52 58 60 #SUP: 2822
29 34 48 52 60 #SUP: 2819
29 34 48 58 60 #SUP: 2827
29 34 40 48 60 #SUP: 2806
34 40 48 52 60 #SUP: 2801
34 40 48 58 60 #SUP: 2809
34 40 48 52 58 #SUP: 2824
29 34 40 48 52 #SUP: 2821
29 34 40 48 58 #SUP: 2829
29 34 48 52 58 #SUP: 2843
34 48 52 58 66 #SUP: 2728
29 34 48 52 66 #SUP: 2725
29 34 48 58 66 #SUP: 2733
34 40 48 60 66 #SUP: 2717
29 34 48 60 66 #SUP: 2734
34 48 52 60 66 #SUP: 2729
34 48 58 60 66 #SUP: 2737
48 52 58 62 66 #SUP: 2733
29 48 52 62 66 #SUP: 2725
29 48 58 62 66 #SUP: 2736
29 40 48 62 66 #SUP: 2721
40 48 52 62 66 #SUP: 2718
40 48 58 62 66 #SUP: 2729
40 48 60 62 66 #SUP: 2729
29 48 60 62 66 #SUP: 2736
48 52 60 62 66 #SUP: 2733
48 58 60 62 66 #SUP: 2744
36 48 60 62 66 #SUP: 2718
36 48 58 62 66 #SUP: 2718
7 48 52 58 66 #SUP: 2746
7 29 48 52 66 #SUP: 2743
7 29 48 58 66 #SUP: 2753
7 29 40 48 66 #SUP: 2730
7 40 48 52 66 #SUP: 2723
7 40 48 58 66 #SUP: 2733
7 40 48 60 66 #SUP: 2734
7 29 48 60 66 #SUP: 2754
7 48 52 60 66 #SUP: 2747
7 48 58 60 66 #SUP: 2757
7 36 48 60 66 #SUP: 2732
7 29 36 48 66 #SUP: 2728
7 36 48 52 66 #SUP: 2721
7 36 48 58 66 #SUP: 2731
36 48 52 58 66 #SUP: 2835
29 36 48 52 66 #SUP: 2828
29 36 48 58 66 #SUP: 2838
29 36 40 48 66 #SUP: 2815
36 40 48 52 66 #SUP: 2812
36 40 48 58 66 #SUP: 2822
36 40 48 60 66 #SUP: 2823
29 36 48 60 66 #SUP: 2839
36 48 52 60 66 #SUP: 2836
36 48 58 60 66 #SUP: 2846
48 52 58 60 66 #SUP: 2861
29 48 52 60 66 #SUP: 2854
29 48 58 60 66 #SUP: 2864
29 40 48 60 66 #SUP: 2841
40 48 52 60 66 #SUP: 2838
40 48 58 60 66 #SUP: 2848
40 48 52 58 66 #SUP: 2837
29 40 48 52 66 #SUP: 2830
29 40 48 58 66 #SUP: 2840
29 48 52 58 66 #SUP: 2853
48 52 56 58 62 #SUP: 2735
29 48 52 56 62 #SUP: 2720
29 48 56 58 62 #SUP: 2725
40 48 52 56 62 #SUP: 2721
40 48 56 58 62 #SUP: 2726
7 48 52 56 58 #SUP: 2730
7 29 48 52 56 #SUP: 2724
7 29 48 56 58 #SUP: 2728
36 48 52 56 58 #SUP: 2806
29 36 48 52 56 #SUP: 2792
29 36 48 56 58 #SUP: 2796
29 36 40 48 56 #SUP: 2772
36 40 48 52 56 #SUP: 2782
36 40 48 56 58 #SUP: 2786
36 40 48 56 60 #SUP: 2761
29 36 48 56 60 #SUP: 2772
36 48 52 56 60 #SUP: 2780
36 48 56 58 60 #SUP: 2784
48 52 56 58 60 #SUP: 2805
29 48 52 56 60 #SUP: 2793
29 48 56 58 60 #SUP: 2797
29 40 48 56 60 #SUP: 2774
40 48 52 56 60 #SUP: 2782
40 48 56 58 60 #SUP: 2786
40 48 52 56 58 #SUP: 2807
29 40 48 52 56 #SUP: 2793
29 40 48 56 58 #SUP: 2797
29 48 52 56 58 #SUP: 2817
29 40 52 56 58 #SUP: 2975
40 52 56 58 60 #SUP: 2944
29 40 52 56 60 #SUP: 2932
29 40 56 58 60 #SUP: 2936
29 52 56 58 60 #SUP: 2955
36 52 56 58 60 #SUP: 2871
29 36 52 56 60 #SUP: 2859
29 36 56 58 60 #SUP: 2863
29 36 40 56 60 #SUP: 2840
36 40 52 56 60 #SUP: 2848
36 40 56 58 60 #SUP: 2852
36 40 52 56 58 #SUP: 2893
29 36 40 52 56 #SUP: 2879
29 36 40 56 58 #SUP: 2883
29 36 52 56 58 #SUP: 2903
7 36 52 56 58 #SUP: 2816
7 29 36 52 56 #SUP: 2810
7 29 36 56 58 #SUP: 2814
7 29 36 40 56 #SUP: 2790
7 36 40 52 56 #SUP: 2792
7 36 40 56 58 #SUP: 2796
7 36 40 56 60 #SUP: 2753
7 29 36 56 60 #SUP: 2770
7 36 52 56 60 #SUP: 2772
7 36 56 58 60 #SUP: 2776
7 52 56 58 60 #SUP: 2868
7 29 52 56 60 #SUP: 2862
7 29 56 58 60 #SUP: 2866
7 29 40 56 60 #SUP: 2843
7 40 52 56 60 #SUP: 2845
7 40 56 58 60 #SUP: 2849
7 40 52 56 58 #SUP: 2888
7 29 40 52 56 #SUP: 2882
7 29 40 56 58 #SUP: 2886
7 29 52 56 58 #SUP: 2906
7 52 56 58 62 #SUP: 2816
7 29 52 56 62 #SUP: 2809
7 29 56 58 62 #SUP: 2814
7 29 40 56 62 #SUP: 2800
7 40 52 56 62 #SUP: 2802
7 40 56 58 62 #SUP: 2807
7 40 56 60 62 #SUP: 2763
7 29 56 60 62 #SUP: 2770
7 52 56 60 62 #SUP: 2772
7 56 58 60 62 #SUP: 2777
7 29 36 56 62 #SUP: 2717
7 36 52 56 62 #SUP: 2719
7 36 56 58 62 #SUP: 2724
36 52 56 58 62 #SUP: 2821
29 36 52 56 62 #SUP: 2806
29 36 56 58 62 #SUP: 2811
29 36 40 56 62 #SUP: 2797
36 40 52 56 62 #SUP: 2807
36 40 56 58 62 #SUP: 2812
36 40 56 60 62 #SUP: 2766
29 36 56 60 62 #SUP: 2767
36 52 56 60 62 #SUP: 2775
36 56 58 60 62 #SUP: 2780
52 56 58 60 62 #SUP: 2872
29 52 56 60 62 #SUP: 2859
29 56 58 60 62 #SUP: 2864
29 40 56 60 62 #SUP: 2850
40 52 56 60 62 #SUP: 2858
40 56 58 60 62 #SUP: 2863
40 52 56 58 62 #SUP: 2904
29 40 52 56 62 #SUP: 2889
29 40 56 58 62 #SUP: 2894
29 52 56 58 62 #SUP: 2903
34 52 56 58 62 #SUP: 2786
29 34 52 56 62 #SUP: 2782
29 34 56 58 62 #SUP: 2787
29 34 40 56 62 #SUP: 2775
34 40 52 56 62 #SUP: 2774
34 40 56 58 62 #SUP: 2779
34 40 56 60 62 #SUP: 2735
29 34 56 60 62 #SUP: 2743
34 52 56 60 62 #SUP: 2742
34 56 58 60 62 #SUP: 2747
7 34 52 56 58 #SUP: 2784
7 29 34 52 56 #SUP: 2783
7 29 34 56 58 #SUP: 2787
7 29 34 40 56 #SUP: 2765
7 34 40 52 56 #SUP: 2762
7 34 40 56 58 #SUP: 2766
7 34 40 56 60 #SUP: 2723
7 29 34 56 60 #SUP: 2743
7 34 52 56 60 #SUP: 2740
7 34 56 58 60 #SUP: 2744
34 36 52 56 58 #SUP: 2781
29 34 36 52 56 #SUP: 2778
29 34 36 56 58 #SUP: 2782
29 34 36 40 56 #SUP: 2760
34 36 40 52 56 #SUP: 2759
34 36 40 56 58 #SUP: 2763
34 36 40 56 60 #SUP: 2720
29 34 36 56 60 #SUP: 2738
34 36 52 56 60 #SUP: 2737
34 36 56 58 60 #SUP: 2741
34 52 56 58 60 #SUP: 2833
29 34 52 56 60 #SUP: 2830
29 34 56 58 60 #SUP: 2834
29 34 40 56 60 #SUP: 2813
34 40 52 56 60 #SUP: 2812
34 40 56 58 60 #SUP: 2816
34 40 52 56 58 #SUP: 2855
29 34 40 52 56 #SUP: 2852
29 34 40 56 58 #SUP: 2856
29 34 52 56 58 #SUP: 2874
34 52 56 58 66 #SUP: 2724
29 34 52 56 66 #SUP: 2721
29 34 56 58 66 #SUP: 2725
29 34 56 60 66 #SUP: 2726
34 52 56 60 66 #SUP: 2725
34 56 58 60 66 #SUP: 2729
52 56 58 62 66 #SUP: 2750
29 52 56 62 66 #SUP: 2742
29 56 58 62 66 #SUP: 2747
29 40 56 62 66 #SUP: 2733
40 52 56 62 66 #SUP: 2736
40 56 58 62 66 #SUP: 2741
40 56 60 62 66 #SUP: 2741
29 56 60 62 66 #SUP: 2747
52 56 60 62 66 #SUP: 2750
56 58 60 62 66 #SUP: 2755
7 52 56 58 66 #SUP: 2743
7 29 52 56 66 #SUP: 2740
7 29 56 58 66 #SUP: 2744
7 29 40 56 66 #SUP: 2722
7 40 52 56 66 #SUP: 2721
7 40 56 58 66 #SUP: 2725
7 40 56 60 66 #SUP: 2726
7 29 56 60 66 #SUP: 2745
7 52 56 60 66 #SUP: 2744
7 56 58 60 66 #SUP: 2748
36 52 56 58 66 #SUP: 2743
29 36 52 56 66 #SUP: 2736
29 36 56 58 66 #SUP: 2740
29 36 40 56 66 #SUP: 2718
36 40 52 56 66 #SUP: 2721
36 40 56 58 66 #SUP: 2725
36 40 56 60 66 #SUP: 2726
29 36 56 60 66 #SUP: 2741
36 52 56 60 66 #SUP: 2744
36 56 58 60 66 #SUP: 2748
52 56 58 60 66 #SUP: 2840
29 52 56 60 66 #SUP: 2833
29 56 58 60 66 #SUP: 2837
29 40 56 60 66 #SUP: 2815
40 52 56 60 66 #SUP: 2818
40 56 58 60 66 #SUP: 2822
40 52 56 58 66 #SUP: 2817
29 40 52 56 66 #SUP: 2810
29 40 56 58 66 #SUP: 2814
29 52 56 58 66 #SUP: 2832
29 40 52 58 66 #SUP: 2977
40 52 58 60 66 #SUP: 2985
29 40 52 60 66 #SUP: 2978
29 40 58 60 66 #SUP: 2988
29 52 58 60 66 #SUP: 3001
36 52 58 60 66 #SUP: 2912
29 36 52 60 66 #SUP: 2905
29 36 58 60 66 #SUP: 2915
29 36 40 60 66 #SUP: 2892
36 40 52 60 66 #SUP: 2889
36 40 58 60 66 #SUP: 2899
36 40 52 58 66 #SUP: 2888
29 36 40 52 66 #SUP: 2881
29 36 40 58 66 #SUP: 2891
29 36 52 58 66 #SUP: 2904
7 36 52 58 66 #SUP: 2797
7 29 36 52 66 #SUP: 2794
7 29 36 58 66 #SUP: 2804
7 29 36 40 66 #SUP: 2781
7 36 40 52 66 #SUP: 2774
7 36 40 58 66 #SUP: 2784
7 36 40 60 66 #SUP: 2785
7 29 36 60 66 #SUP: 2805
7 36 52 60 66 #SUP: 2798
7 36 58 60 66 #SUP: 2808
7 52 58 60 66 #SUP: 2894
7 29 52 60 66 #SUP: 2891
7 29 58 60 66 #SUP: 2901
7 29 40 60 66 #SUP: 2878
7 40 52 60 66 #SUP: 2871
7 40 58 60 66 #SUP: 2881
7 40 52 58 66 #SUP: 2870
7 29 40 52 66 #SUP: 2867
7 29 40 58 66 #SUP: 2877
7 29 52 58 66 #SUP: 2890
7 52 58 62 66 #SUP: 2766
7 29 52 62 66 #SUP: 2762
7 29 58 62 66 #SUP: 2773
7 29 40 62 66 #SUP: 2758
7 40 52 62 66 #SUP: 2751
7 40 58 62 66 #SUP: 2762
7 40 60 62 66 #SUP: 2762
7 29 60 62 66 #SUP: 2773
7 52 60 62 66 #SUP: 2766
7 58 60 62 66 #SUP: 2777
36 52 58 62 66 #SUP: 2784
29 36 52 62 66 #SUP: 2776
29 36 58 62 66 #SUP: 2787
29 36 40 62 66 #SUP: 2772
36 40 52 62 66 #SUP: 2769
36 40 58 62 66 #SUP: 2780
36 40 60 62 66 #SUP: 2780
29 36 60 62 66 #SUP: 2787
36 52 60 62 66 #SUP: 2784
36 58 60 62 66 #SUP: 2795
52 58 60 62 66 #SUP: 2881
29 52 60 62 66 #SUP: 2873
29 58 60 62 66 #SUP: 2884
29 40 60 62 66 #SUP: 2869
40 52 60 62 66 #SUP: 2866
40 58 60 62 66 #SUP: 2877
40 52 58 62 66 #SUP: 2866
29 40 52 62 66 #SUP: 2858
29 40 58 62 66 #SUP: 2869
29 52 58 62 66 #SUP: 2873
34 52 58 62 66 #SUP: 2757
29 34 52 62 66 #SUP: 2753
29 34 58 62 66 #SUP: 2762
29 34 40 62 66 #SUP: 2750
34 40 52 62 66 #SUP: 2745
34 40 58 62 66 #SUP: 2754
34 40 60 62 66 #SUP: 2754
29 34 60 62 66 #SUP: 2762
34 52 60 62 66 #SUP: 2757
34 58 60 62 66 #SUP: 2766
7 34 52 58 66 #SUP: 2767
7 29 34 52 66 #SUP: 2766
7 29 34 58 66 #SUP: 2774
7 29 34 40 66 #SUP: 2754
7 34 40 52 66 #SUP: 2747
7 34 40 58 66 #SUP: 2755
7 34 40 60 66 #SUP: 2756
7 29 34 60 66 #SUP: 2775
7 34 52 60 66 #SUP: 2768
7 34 58 60 66 #SUP: 2776
34 36 52 58 66 #SUP: 2779
29 34 36 52 66 #SUP: 2776
29 34 36 58 66 #SUP: 2784
29 34 36 40 66 #SUP: 2764
34 36 40 52 66 #SUP: 2759
34 36 40 58 66 #SUP: 2767
34 36 40 60 66 #SUP: 2768
29 34 36 60 66 #SUP: 2785
34 36 52 60 66 #SUP: 2780
34 36 58 60 66 #SUP: 2788
34 52 58 60 66 #SUP: 2876
29 34 52 60 66 #SUP: 2873
29 34 58 60 66 #SUP: 2881
29 34 40 60 66 #SUP: 2861
34 40 52 60 66 #SUP: 2856
34 40 58 60 66 #SUP: 2864
34 40 52 58 66 #SUP: 2855
29 34 40 52 66 #SUP: 2852
29 34 40 58 66 #SUP: 2860
29 34 52 58 66 #SUP: 2872
29 34 40 52 58 #SUP: 3003
34 40 52 58 60 #SUP: 2963
29 34 40 52 60 #SUP: 2960
29 34 40 58 60 #SUP: 2968
29 34 52 58 60 #SUP: 2981
34 36 52 58 60 #SUP: 2888
29 34 36 52 60 #SUP: 2885
29 34 36 58 60 #SUP: 2893
29 34 36 40 60 #SUP: 2872
34 36 40 52 60 #SUP: 2867
34 36 40 58 60 #SUP: 2875
34 36 40 52 58 #SUP: 2910
29 34 36 40 52 #SUP: 2907
29 34 36 40 58 #SUP: 2915
29 34 36 52 58 #SUP: 2929
7 34 36 52 58 #SUP: 2823
7 29 34 36 52 #SUP: 2822
7 29 34 36 58 #SUP: 2830
7 29 34 36 40 #SUP: 2808
7 34 36 40 52 #SUP: 2801
7 34 36 40 58 #SUP: 2809
7 34 36 40 60 #SUP: 2766
7 29 34 36 60 #SUP: 2786
7 34 36 52 60 #SUP: 2779
7 34 36 58 60 #SUP: 2787
7 34 52 58 60 #SUP: 2875
7 29 34 52 60 #SUP: 2874
7 29 34 58 60 #SUP: 2882
7 29 34 40 60 #SUP: 2861
7 34 40 52 60 #SUP: 2854
7 34 40 58 60 #SUP: 2862
7 34 40 52 58 #SUP: 2897
7 29 34 40 52 #SUP: 2896
7 29 34 40 58 #SUP: 2904
7 29 34 52 58 #SUP: 2918
7 34 52 58 62 #SUP: 2794
7 29 34 52 62 #SUP: 2792
7 29 34 58 62 #SUP: 2801
7 29 34 40 62 #SUP: 2789
7 34 40 52 62 #SUP: 2782
7 34 40 58 62 #SUP: 2791
7 34 40 60 62 #SUP: 2747
7 29 34 60 62 #SUP: 2757
7 34 52 60 62 #SUP: 2750
7 34 58 60 62 #SUP: 2759
34 36 52 58 62 #SUP: 2807
29 34 36 52 62 #SUP: 2803
29 34 36 58 62 #SUP: 2812
29 34 36 40 62 #SUP: 2800
34 36 40 52 62 #SUP: 2795
34 36 40 58 62 #SUP: 2804
34 36 40 60 62 #SUP: 2760
29 34 36 60 62 #SUP: 2768
34 36 52 60 62 #SUP: 2763
34 36 58 60 62 #SUP: 2772
34 52 58 60 62 #SUP: 2860
29 34 52 60 62 #SUP: 2856
29 34 58 60 62 #SUP: 2865
29 34 40 60 62 #SUP: 2853
34 40 52 60 62 #SUP: 2848
34 40 58 60 62 #SUP: 2857
34 40 52 58 62 #SUP: 2892
29 34 40 52 62 #SUP: 2888
29 34 40 58 62 #SUP: 2897
29 34 52 58 62 #SUP: 2900
29 40 52 58 62 #SUP: 3019
40 52 58 60 62 #SUP: 2988
29 40 52 60 62 #SUP: 2975
29 40 58 60 62 #SUP: 2986
29 52 58 60 62 #SUP: 2990
36 52 58 60 62 #SUP: 2906
29 36 52 60 62 #SUP: 2893
29 36 58 60 62 #SUP: 2904
29 36 40 60 62 #SUP: 2889
36 40 52 60 62 #SUP: 2891
36 40 58 60 62 #SUP: 2902
36 40 52 58 62 #SUP: 2937
29 36 40 52 62 #SUP: 2922
29 36 40 58 62 #SUP: 2933
29 36 52 58 62 #SUP: 2937
7 36 52 58 62 #SUP: 2832
7 29 36 52 62 #SUP: 2825
7 29 36 58 62 #SUP: 2836
7 29 36 40 62 #SUP: 2821
7 36 40 52 62 #SUP: 2817
7 36 40 58 62 #SUP: 2828
7 36 40 60 62 #SUP: 2784
7 29 36 60 62 #SUP: 2792
7 36 52 60 62 #SUP: 2788
7 36 58 60 62 #SUP: 2799
7 52 58 60 62 #SUP: 2885
7 29 52 60 62 #SUP: 2878
7 29 58 60 62 #SUP: 2889
7 29 40 60 62 #SUP: 2874
7 40 52 60 62 #SUP: 2870
7 40 58 60 62 #SUP: 2881
7 40 52 58 62 #SUP: 2914
7 29 40 52 62 #SUP: 2907
7 29 40 58 62 #SUP: 2918
7 29 52 58 62 #SUP: 2922
7 29 40 52 58 #SUP: 3031
7 40 52 58 60 #SUP: 2994
7 29 40 52 60 #SUP: 2988
7 29 40 58 60 #SUP: 2998
7 29 52 58 60 #SUP: 3012
7 36 52 58 60 #SUP: 2922
7 29 36 52 60 #SUP: 2916
7 29 36 58 60 #SUP: 2926
7 29 36 40 60 #SUP: 2902
7 36 40 52 60 #SUP: 2898
7 36 40 58 60 #SUP: 2908
7 36 40 52 58 #SUP: 2941
7 29 36 40 52 #SUP: 2935
7 29 36 40 58 #SUP: 2945
7 29 36 52 58 #SUP: 2960
29 36 40 52 58 #SUP: 3046
36 40 52 58 60 #SUP: 3015
29 36 40 52 60 #SUP: 3003
29 36 40 58 60 #SUP: 3013
29 36 52 58 60 #SUP: 3027
29 40 52 58 60 #SUP: 3099
29 36 40 52 58 60 #SUP: 3002
7 29 36 40 52 58 #SUP: 2934
7 36 40 52 58 60 #SUP: 2897
7 29 36 40 52 60 #SUP: 2891
7 29 36 40 58 60 #SUP: 2901
7 29 36 52 58 60 #SUP: 2915
7 29 40 52 58 60 #SUP: 2987
7 29 40 52 58 62 #SUP: 2907
7 40 52 58 60 62 #SUP: 2870
7 29 40 52 60 62 #SUP: 2863
7 29 40 58 60 62 #SUP: 2874
7 29 52 58 60 62 #SUP: 2878
7 36 52 58 60 62 #SUP: 2788
7 29 36 52 60 62 #SUP: 2781
7 29 36 58 60 62 #SUP: 2792
7 29 36 40 60 62 #SUP: 2777
7 36 40 52 60 62 #SUP: 2773
7 36 40 58 60 62 #SUP: 2784
7 36 40 52 58 62 #SUP: 2817
7 29 36 40 52 62 #SUP: 2810
7 29 36 40 58 62 #SUP: 2821
7 29 36 52 58 62 #SUP: 2825
29 36 40 52 58 62 #SUP: 2922
36 40 52 58 60 62 #SUP: 2891
29 36 40 52 60 62 #SUP: 2878
29 36 40 58 60 62 #SUP: 2889
29 36 52 58 60 62 #SUP: 2893
29 40 52 58 60 62 #SUP: 2975
29 34 40 52 58 62 #SUP: 2888
34 40 52 58 60 62 #SUP: 2848
29 34 40 52 60 62 #SUP: 2844
29 34 40 58 60 62 #SUP: 2853
29 34 52 58 60 62 #SUP: 2856
34 36 52 58 60 62 #SUP: 2763
29 34 36 52 60 62 #SUP: 2759
29 34 36 58 60 62 #SUP: 2768
29 34 36 40 60 62 #SUP: 2756
34 36 40 52 60 62 #SUP: 2751
34 36 40 58 60 62 #SUP: 2760
34 36 40 52 58 62 #SUP: 2795
29 34 36 40 52 62 #SUP: 2791
29 34 36 40 58 62 #SUP: 2800
29 34 36 52 58 62 #SUP: 2803
7 34 52 58 60 62 #SUP: 2750
7 29 34 52 60 62 #SUP: 2748
7 29 34 58 60 62 #SUP: 2757
7 29 34 40 60 62 #SUP: 2745
7 34 40 52 60 62 #SUP: 2738
7 34 40 58 60 62 #SUP: 2747
7 34 40 52 58 62 #SUP: 2782
7 29 34 40 52 62 #SUP: 2780
7 29 34 40 58 62 #SUP: 2789
7 29 34 52 58 62 #SUP: 2792
7 29 34 40 52 58 #SUP: 2895
7 34 40 52 58 60 #SUP: 2853
7 29 34 40 52 60 #SUP: 2852
7 29 34 40 58 60 #SUP: 2860
7 29 34 52 58 60 #SUP: 2873
7 34 36 52 58 60 #SUP: 2778
7 29 34 36 52 60 #SUP: 2777
7 29 34 36 58 60 #SUP: 2785
7 29 34 36 40 60 #SUP: 2764
7 34 36 40 52 60 #SUP: 2757
7 34 36 40 58 60 #SUP: 2765
7 34 36 40 52 58 #SUP: 2800
7 29 34 36 40 52 #SUP: 2799
7 29 34 36 40 58 #SUP: 2807
7 29 34 36 52 58 #SUP: 2821
29 34 36 40 52 58 #SUP: 2906
34 36 40 52 58 60 #SUP: 2866
29 34 36 40 52 60 #SUP: 2863
29 34 36 40 58 60 #SUP: 2871
29 34 36 52 58 60 #SUP: 2884
29 34 40 52 58 60 #SUP: 2959
29 34 40 52 58 66 #SUP: 2851
34 40 52 58 60 66 #SUP: 2855
29 34 40 52 60 66 #SUP: 2852
29 34 40 58 60 66 #SUP: 2860
29 34 52 58 60 66 #SUP: 2872
34 36 52 58 60 66 #SUP: 2779
29 34 36 52 60 66 #SUP: 2776
29 34 36 58 60 66 #SUP: 2784
29 34 36 40 60 66 #SUP: 2764
34 36 40 52 60 66 #SUP: 2759
34 36 40 58 60 66 #SUP: 2767
34 36 40 52 58 66 #SUP: 2758
29 34 36 40 52 66 #SUP: 2755
29 34 36 40 58 66 #SUP: 2763
29 34 36 52 58 66 #SUP: 2775
7 34 52 58 60 66 #SUP: 2767
7 29 34 52 60 66 #SUP: 2766
7 29 34 58 60 66 #SUP: 2774
7 29 34 40 60 66 #SUP: 2754
7 34 40 52 60 66 #SUP: 2747
7 34 40 58 60 66 #SUP: 2755
7 34 40 52 58 66 #SUP: 2746
7 29 34 40 52 66 #SUP: 2745
7 29 34 40 58 66 #SUP: 2753
7 29 34 52 58 66 #SUP: 2765
34 52 58 60 62 66 #SUP: 2757
29 34 52 60 62 66 #SUP: 2753
29 34 58 60 62 66 #SUP: 2762
29 34 40 60 62 66 #SUP: 2750
34 40 52 60 62 66 #SUP: 2745
34 40 58 60 62 66 #SUP: 2754
34 40 52 58 62 66 #SUP: 2745
29 34 40 52 62 66 #SUP: 2741
29 34 40 58 62 66 #SUP: 2750
29 34 52 58 62 66 #SUP: 2753
29 40 52 58 62 66 #SUP: 2858
40 52 58 60 62 66 #SUP: 2866
29 40 52 60 62 66 #SUP: 2858
29 40 58 60 62 66 #SUP: 2869
29 52 58 60 62 66 #SUP: 2873
36 52 58 60 62 66 #SUP: 2784
29 36 52 60 62 66 #SUP: 2776
29 36 58 60 62 66 #SUP: 2787
29 36 40 60 62 66 #SUP: 2772
36 40 52 60 62 66 #SUP: 2769
36 40 58 60 62 66 #SUP: 2780
36 40 52 58 62 66 #SUP: 2769
29 36 40 52 62 66 #SUP: 2761
29 36 40 58 62 66 #SUP: 2772
29 36 52 58 62 66 #SUP: 2776
7 52 58 60 62 66 #SUP: 2766
7 29 52 60 62 66 #SUP: 2762
7 29 58 60 62 66 #SUP: 2773
7 29 40 60 62 66 #SUP: 2758
7 40 52 60 62 66 #SUP: 2751
7 40 58 60 62 66 #SUP: 2762
7 40 52 58 62 66 #SUP: 2751
7 29 40 52 62 66 #SUP: 2747
7 29 40 58 62 66 #SUP: 2758
7 29 52 58 62 66 #SUP: 2762
7 29 40 52 58 66 #SUP: 2866
7 40 52 58 60 66 #SUP: 2870
7 29 40 52 60 66 #SUP: 2867
7 29 40 58 60 66 #SUP: 2877
7 29 52 58 60 66 #SUP: 2890
7 36 52 58 60 66 #SUP: 2797
7 29 36 52 60 66 #SUP: 2794
7 29 36 58 60 66 #SUP: 2804
7 29 36 40 60 66 #SUP: 2781
7 36 40 52 60 66 #SUP: 2774
7 36 40 58 60 66 #SUP: 2784
7 36 40 52 58 66 #SUP: 2773
7 29 36 40 52 66 #SUP: 2770
7 29 36 40 58 66 #SUP: 2780
7 29 36 52 58 66 #SUP: 2793
29 36 40 52 58 66 #SUP: 2880
36 40 52 58 60 66 #SUP: 2888
29 36 40 52 60 66 #SUP: 2881
29 36 40 58 60 66 #SUP: 2891
29 36 52 58 60 66 #SUP: 2904
29 40 52 58 60 66 #SUP: 2977
29 40 52 56 58 66 #SUP: 2809
40 52 56 58 60 66 #SUP: 2817
29 40 52 56 60 66 #SUP: 2810
29 40 56 58 60 66 #SUP: 2814
29 52 56 58 60 66 #SUP: 2832
36 52 56 58 60 66 #SUP: 2743
29 36 52 56 60 66 #SUP: 2736
29 36 56 58 60 66 #SUP: 2740
29 36 40 56 60 66 #SUP: 2718
36 40 52 56 60 66 #SUP: 2721
36 40 56 58 60 66 #SUP: 2725
36 40 52 56 58 66 #SUP: 2720
29 36 40 56 58 66 #SUP: 2717
29 36 52 56 58 66 #SUP: 2735
7 52 56 58 60 66 #SUP: 2743
7 29 52 56 60 66 #SUP: 2740
7 29 56 58 60 66 #SUP: 2744
7 29 40 56 60 66 #SUP: 2722
7 40 52 56 60 66 #SUP: 2721
7 40 56 58 60 66 #SUP: 2725
7 40 52 56 58 66 #SUP: 2720
7 29 40 52 56 66 #SUP: 2717
7 29 40 56 58 66 #SUP: 2721
7 29 52 56 58 66 #SUP: 2739
52 56 58 60 62 66 #SUP: 2750
29 52 56 60 62 66 #SUP: 2742
29 56 58 60 62 66 #SUP: 2747
29 40 56 60 62 66 #SUP: 2733
40 52 56 60 62 66 #SUP: 2736
40 56 58 60 62 66 #SUP: 2741
40 52 56 58 62 66 #SUP: 2736
29 40 52 56 62 66 #SUP: 2728
29 40 56 58 62 66 #SUP: 2733
29 52 56 58 62 66 #SUP: 2742
34 52 56 58 60 66 #SUP: 2724
29 34 52 56 60 66 #SUP: 2721
29 34 56 58 60 66 #SUP: 2725
29 34 52 56 58 66 #SUP: 2720
29 34 40 52 56 58 #SUP: 2851
34 40 52 56 58 60 #SUP: 2811
29 34 40 52 56 60 #SUP: 2808
29 34 40 56 58 60 #SUP: 2812
29 34 52 56 58 60 #SUP: 2829
34 36 52 56 58 60 #SUP: 2736
29 34 36 52 56 60 #SUP: 2733
29 34 36 56 58 60 #SUP: 2737
34 36 40 56 58 60 #SUP: 2719
34 36 40 52 56 58 #SUP: 2758
29 34 36 40 52 56 #SUP: 2755
29 34 36 40 56 58 #SUP: 2759
29 34 36 52 56 58 #SUP: 2777
7 34 52 56 58 60 #SUP: 2739
7 29 34 52 56 60 #SUP: 2738
7 29 34 56 58 60 #SUP: 2742
7 29 34 40 56 60 #SUP: 2721
7 34 40 52 56 60 #SUP: 2718
7 34 40 56 58 60 #SUP: 2722
7 34 40 52 56 58 #SUP: 2761
7 29 34 40 52 56 #SUP: 2760
7 29 34 40 56 58 #SUP: 2764
7 29 34 52 56 58 #SUP: 2782
34 52 56 58 60 62 #SUP: 2742
29 34 52 56 60 62 #SUP: 2738
29 34 56 58 60 62 #SUP: 2743
29 34 40 56 60 62 #SUP: 2731
34 40 52 56 60 62 #SUP: 2730
34 40 56 58 60 62 #SUP: 2735
34 40 52 56 58 62 #SUP: 2774
29 34 40 52 56 62 #SUP: 2770
29 34 40 56 58 62 #SUP: 2775
29 34 52 56 58 62 #SUP: 2782
29 40 52 56 58 62 #SUP: 2889
40 52 56 58 60 62 #SUP: 2858
29 40 52 56 60 62 #SUP: 2845
29 40 56 58 60 62 #SUP: 2850
29 52 56 58 60 62 #SUP: 2859
36 52 56 58 60 62 #SUP: 2775
29 36 52 56 60 62 #SUP: 2762
29 36 56 58 60 62 #SUP: 2767
29 36 40 56 60 62 #SUP: 2753
36 40 52 56 60 62 #SUP: 2761
36 40 56 58 60 62 #SUP: 2766
36 40 52 56 58 62 #SUP: 2807
29 36 40 52 56 62 #SUP: 2792
29 36 40 56 58 62 #SUP: 2797
29 36 52 56 58 62 #SUP: 2806
7 36 52 56 58 62 #SUP: 2719
7 29 36 56 58 62 #SUP: 2717
7 52 56 58 60 62 #SUP: 2772
7 29 52 56 60 62 #SUP: 2765
7 29 56 58 60 62 #SUP: 2770
7 29 40 56 60 62 #SUP: 2756
7 40 52 56 60 62 #SUP: 2758
7 40 56 58 60 62 #SUP: 2763
7 40 52 56 58 62 #SUP: 2802
7 29 40 52 56 62 #SUP: 2795
7 29 40 56 58 62 #SUP: 2800
7 29 52 56 58 62 #SUP: 2809
7 29 40 52 56 58 #SUP: 2881
7 40 52 56 58 60 #SUP: 2844
7 29 40 52 56 60 #SUP: 2838
7 29 40 56 58 60 #SUP: 2842
7 29 52 56 58 60 #SUP: 2861
7 36 52 56 58 60 #SUP: 2771
7 29 36 52 56 60 #SUP: 2765
7 29 36 56 58 60 #SUP: 2769
7 29 36 40 56 60 #SUP: 2746
7 36 40 52 56 60 #SUP: 2748
7 36 40 56 58 60 #SUP: 2752
7 36 40 52 56 58 #SUP: 2791
7 29 36 40 52 56 #SUP: 2785
7 29 36 40 56 58 #SUP: 2789
7 29 36 52 56 58 #SUP: 2809
29 36 40 52 56 58 #SUP: 2878
36 40 52 56 58 60 #SUP: 2847
29 36 40 52 56 60 #SUP: 2835
29 36 40 56 58 60 #SUP: 2839
29 36 52 56 58 60 #SUP: 2858
29 40 52 56 58 60 #SUP: 2931
29 40 48 52 56 58 #SUP: 2792
40 48 52 56 58 60 #SUP: 2781
29 40 48 52 56 60 #SUP: 2769
29 40 48 56 58 60 #SUP: 2773
29 48 52 56 58 60 #SUP: 2792
36 48 52 56 58 60 #SUP: 2779
29 36 48 52 56 60 #SUP: 2767
29 36 48 56 58 60 #SUP: 2771
29 36 40 48 56 60 #SUP: 2748
36 40 48 52 56 60 #SUP: 2756
36 40 48 56 58 60 #SUP: 2760
36 40 48 52 56 58 #SUP: 2781
29 36 40 48 52 56 #SUP: 2767
29 36 40 48 56 58 #SUP: 2771
29 36 48 52 56 58 #SUP: 2791
7 29 48 52 56 58 #SUP: 2723
40 48 52 56 58 62 #SUP: 2721
29 48 52 56 58 62 #SUP: 2720
29 40 48 52 58 66 #SUP: 2829
40 48 52 58 60 66 #SUP: 2837
29 40 48 52 60 66 #SUP: 2830
29 40 48 58 60 66 #SUP: 2840
29 48 52 58 60 66 #SUP: 2853
36 48 52 58 60 66 #SUP: 2835
29 36 48 52 60 66 #SUP: 2828
29 36 48 58 60 66 #SUP: 2838
29 36 40 48 60 66 #SUP: 2815
36 40 48 52 60 66 #SUP: 2812
36 40 48 58 60 66 #SUP: 2822
36 40 48 52 58 66 #SUP: 2811
29 36 40 48 52 66 #SUP: 2804
29 36 40 48 58 66 #SUP: 2814
29 36 48 52 58 66 #SUP: 2827
7 36 48 52 58 66 #SUP: 2720
7 29 36 48 52 66 #SUP: 2717
7 29 36 48 58 66 #SUP: 2727
7 29 36 48 60 66 #SUP: 2728
7 36 48 52 60 66 #SUP: 2721
7 36 48 58 60 66 #SUP: 2731
7 48 52 58 60 66 #SUP: 2746
7 29 48 52 60 66 #SUP: 2743
7 29 48 58 60 66 #SUP: 2753
7 29 40 48 60 66 #SUP: 2730
7 40 48 52 60 66 #SUP: 2723
7 40 48 58 60 66 #SUP: 2733
7 40 48 52 58 66 #SUP: 2722
7 29 40 48 52 66 #SUP: 2719
7 29 40 48 58 66 #SUP: 2729
7 29 48 52 58 66 #SUP: 2742
36 48 58 60 62 66 #SUP: 2718
48 52 58 60 62 66 #SUP: 2733
29 48 52 60 62 66 #SUP: 2725
29 48 58 60 62 66 #SUP: 2736
29 40 48 60 62 66 #SUP: 2721
40 48 52 60 62 66 #SUP: 2718
40 48 58 60 62 66 #SUP: 2729
40 48 52 58 62 66 #SUP: 2718
29 40 48 58 62 66 #SUP: 2721
29 48 52 58 62 66 #SUP: 2725
34 48 52 58 60 66 #SUP: 2728
29 34 48 52 60 66 #SUP: 2725
29 34 48 58 60 66 #SUP: 2733
29 34 48 52 58 66 #SUP: 2724
29 34 40 48 52 58 #SUP: 2820
34 40 48 52 58 60 #SUP: 2800
29 34 40 48 52 60 #SUP: 2797
29 34 40 48 58 60 #SUP: 2805
29 34 48 52 58 60 #SUP: 2818
34 36 48 52 58 60 #SUP: 2796
29 34 36 48 52 60 #SUP: 2793
29 34 36 48 58 60 #SUP: 2801
29 34 36 40 48 60 #SUP: 2780
34 36 40 48 52 60 #SUP: 2775
34 36 40 48 58 60 #SUP: 2783
34 36 40 48 52 58 #SUP: 2798
29 34 36 40 48 52 #SUP: 2795
29 34 36 40 48 58 #SUP: 2803
29 34 36 48 52 58 #SUP: 2817
7 29 34 36 48 58 #SUP: 2718
7 29 34 48 58 60 #SUP: 2719
7 29 34 40 48 58 #SUP: 2721
7 29 34 48 52 58 #SUP: 2735
29 34 48 52 58 62 #SUP: 2717
29 40 48 52 58 62 #SUP: 2836
40 48 52 58 60 62 #SUP: 2825
29 40 48 52 60 62 #SUP: 2812
29 40 48 58 60 62 #SUP: 2823
29 48 52 58 60 62 #SUP: 2827
36 48 52 58 60 62 #SUP: 2814
29 36 48 52 60 62 #SUP: 2801
29 36 48 58 60 62 #SUP: 2812
29 36 40 48 60 62 #SUP: 2797
36 40 48 52 60 62 #SUP: 2799
36 40 48 58 60 62 #SUP: 2810
36 40 48 52 58 62 #SUP: 2825
29 36 40 48 52 62 #SUP: 2810
29 36 40 48 58 62 #SUP: 2821
29 36 48 52 58 62 #SUP: 2825
7 36 48 52 58 62 #SUP: 2720
7 29 36 48 58 62 #SUP: 2724
7 48 52 58 60 62 #SUP: 2722
7 29 48 58 60 62 #SUP: 2726
7 40 48 58 60 62 #SUP: 2718
7 40 48 52 58 62 #SUP: 2731
7 29 40 48 52 62 #SUP: 2724
7 29 40 48 58 62 #SUP: 2735
7 29 48 52 58 62 #SUP: 2739
7 29 40 48 52 58 #SUP: 2848
7 40 48 52 58 60 #SUP: 2831
7 29 40 48 52 60 #SUP: 2825
7 29 40 48 58 60 #SUP: 2835
7 29 48 52 58 60 #SUP: 2849
7 36 48 52 58 60 #SUP: 2830
7 29 36 48 52 60 #SUP: 2824
7 29 36 48 58 60 #SUP: 2834
7 29 36 40 48 60 #SUP: 2810
7 36 40 48 52 60 #SUP: 2806
7 36 40 48 58 60 #SUP: 2816
7 36 40 48 52 58 #SUP: 2829
7 29 36 40 48 52 #SUP: 2823
7 29 36 40 48 58 #SUP: 2833
7 29 36 48 52 58 #SUP: 2848
29 36 40 48 52 58 #SUP: 2934
36 40 48 52 58 60 #SUP: 2923
29 36 40 48 52 60 #SUP: 2911
29 36 40 48 58 60 #SUP: 2921
29 36 48 52 58 60 #SUP: 2935
29 40 48 52 58 60 #SUP: 2936
5 29 40 48 52 58 #SUP: 2748
5 40 48 52 58 60 #SUP: 2729
5 29 40 48 52 60 #SUP: 2725
5 29 40 48 58 60 #SUP: 2735
5 29 48 52 58 60 #SUP: 2744
5 36 48 52 58 60 #SUP: 2723
5 29 36 48 52 60 #SUP: 2719
5 29 36 48 58 60 #SUP: 2729
5 36 40 48 52 58 #SUP: 2729
5 29 36 40 48 52 #SUP: 2723
5 29 36 40 48 58 #SUP: 2733
5 29 36 48 52 58 #SUP: 2743
5 29 40 52 56 58 #SUP: 2770
5 40 52 56 58 60 #SUP: 2731
5 29 40 52 56 60 #SUP: 2727
5 29 40 56 58 60 #SUP: 2731
5 29 52 56 58 60 #SUP: 2745
5 29 34 52 56 58 #SUP: 2726
5 29 40 52 58 66 #SUP: 2796
5 40 52 58 60 66 #SUP: 2800
5 29 40 52 60 66 #SUP: 2797
5 29 40 58 60 66 #SUP: 2807
5 29 52 58 60 66 #SUP: 2816
5 36 52 58 60 66 #SUP: 2723
5 29 36 52 60 66 #SUP: 2720
5 29 36 58 60 66 #SUP: 2730
5 29 36 52 58 66 #SUP: 2719
5 7 29 58 60 66 #SUP: 2720
5 29 58 60 62 66 #SUP: 2721
5 34 52 58 60 66 #SUP: 2743
5 29 34 52 60 66 #SUP: 2740
5 29 34 58 60 66 #SUP: 2748
5 29 34 40 60 66 #SUP: 2731
5 34 40 52 60 66 #SUP: 2726
5 34 40 58 60 66 #SUP: 2734
5 34 40 52 58 66 #SUP: 2725
5 29 34 40 52 66 #SUP: 2722
5 29 34 40 58 66 #SUP: 2730
5 29 34 52 58 66 #SUP: 2739
5 29 34 40 52 58 #SUP: 2856
5 34 40 52 58 60 #SUP: 2816
5 29 34 40 52 60 #SUP: 2813
5 29 34 40 58 60 #SUP: 2821
5 29 34 52 58 60 #SUP: 2830
5 34 36 52 58 60 #SUP: 2737
5 29 34 36 52 60 #SUP: 2734
5 29 34 36 58 60 #SUP: 2742
5 29 34 36 40 60 #SUP: 2725
5 34 36 40 52 60 #SUP: 2720
5 34 36 40 58 60 #SUP: 2728
5 34 36 40 52 58 #SUP: 2763
5 29 34 36 40 52 #SUP: 2760
5 29 34 36 40 58 #SUP: 2768
5 29 34 36 52 58 #SUP: 2778
5 7 34 52 58 60 #SUP: 2728
5 7 29 34 52 60 #SUP: 2727
5 7 29 34 58 60 #SUP: 2735
5 7 29 34 40 60 #SUP: 2718
5 7 34 40 58 60 #SUP: 2719
5 7 34 40 52 58 #SUP: 2754
5 7 29 34 40 52 #SUP: 2753
5 7 29 34 40 58 #SUP: 2761
5 7 29 34 52 58 #SUP: 2771
5 34 52 58 60 62 #SUP: 2725
5 29 34 52 60 62 #SUP: 2721
5 29 34 58 60 62 #SUP: 2730
5 29 34 40 60 62 #SUP: 2719
5 34 40 58 60 62 #SUP: 2723
5 34 40 52 58 62 #SUP: 2758
5 29 34 40 52 62 #SUP: 2754
5 29 34 40 58 62 #SUP: 2763
5 29 34 52 58 62 #SUP: 2765
5 29 40 52 58 62 #SUP: 2828
5 40 52 58 60 62 #SUP: 2789
5 29 40 52 60 62 #SUP: 2784
5 29 40 58 60 62 #SUP: 2795
5 29 52 58 60 62 #SUP: 2797
5 36 40 52 58 62 #SUP: 2738
5 29 36 40 52 62 #SUP: 2731
5 29 36 40 58 62 #SUP: 2742
5 29 36 52 58 62 #SUP: 2744
5 7 40 52 58 62 #SUP: 2723
5 7 29 40 52 62 #SUP: 2720
5 7 29 40 58 62 #SUP: 2731
5 7 29 52 58 62 #SUP: 2733
5 7 29 40 52 58 #SUP: 2823
5 7 40 52 58 60 #SUP: 2782
5 7 29 40 52 60 #SUP: 2780
5 7 29 40 58 60 #SUP: 2790
5 7 29 52 58 60 #SUP: 2799
5 7 36 40 52 58 #SUP: 2729
5 7 29 36 40 52 #SUP: 2727
5 7 29 36 40 58 #SUP: 2737
5 7 29 36 52 58 #SUP: 2747
5 29 36 40 52 58 #SUP: 2834
5 36 40 52 58 60 #SUP: 2795
5 29 36 40 52 60 #SUP: 2791
5 29 36 40 58 60 #SUP: 2801
5 29 36 52 58 60 #SUP: 2810
5 29 40 52 58 60 #SUP: 2887
9 29 34 40 52 58 #SUP: 2722
9 29 40 52 58 62 #SUP: 2722
7 9 29 40 52 58 #SUP: 2724
9 29 36 40 52 58 #SUP: 2738
9 29 36 52 58 60 #SUP: 2723
9 29 40 52 58 60 #SUP: 2798
25 29 36 40 52 58 #SUP: 2745
25 36 40 52 58 60 #SUP: 2730
25 29 36 40 52 60 #SUP: 2719
25 29 36 40 58 60 #SUP: 2728
25 29 36 52 58 60 #SUP: 2743
25 29 40 52 58 60 #SUP: 2784
3 7 29 40 52 58 #SUP: 2730
3 7 29 52 58 60 #SUP: 2722
3 29 40 52 58 60 #SUP: 2771
25 29 36 40 52 58 60 #SUP: 2718
5 29 36 40 52 58 60 #SUP: 2790
5 7 29 36 40 52 58 #SUP: 2726
5 7 29 40 52 58 60 #SUP: 2779
5 7 29 40 52 58 62 #SUP: 2720
5 29 36 40 52 58 62 #SUP: 2731
5 29 40 52 58 60 62 #SUP: 2784
5 29 34 40 52 58 62 #SUP: 2754
5 29 34 40 58 60 62 #SUP: 2719
5 29 34 52 58 60 62 #SUP: 2721
5 7 29 34 40 52 58 #SUP: 2752
5 7 29 34 40 58 60 #SUP: 2717
5 7 29 34 52 58 60 #SUP: 2726
5 29 34 36 40 52 58 #SUP: 2759
5 34 36 40 52 58 60 #SUP: 2719
5 29 34 36 40 58 60 #SUP: 2724
5 29 34 36 52 58 60 #SUP: 2733
5 29 34 40 52 58 60 #SUP: 2812
5 29 34 40 52 58 66 #SUP: 2721
5 34 40 52 58 60 66 #SUP: 2725
5 29 34 40 52 60 66 #SUP: 2722
5 29 34 40 58 60 66 #SUP: 2730
5 29 34 52 58 60 66 #SUP: 2739
5 29 36 52 58 60 66 #SUP: 2719
5 29 40 52 58 60 66 #SUP: 2796
5 29 40 52 56 58 60 #SUP: 2726
5 29 36 40 48 52 58 #SUP: 2722
5 29 36 48 52 58 60 #SUP: 2718
5 29 40 48 52 58 60 #SUP: 2724
29 36 40 48 52 58 60 #SUP: 2910
7 29 36 40 48 52 58 #SUP: 2822
7 36 40 48 52 58 60 #SUP: 2805
7 29 36 40 48 52 60 #SUP: 2799
7 29 36 40 48 58 60 #SUP: 2809
7 29 36 48 52 58 60 #SUP: 2823
7 29 40 48 52 58 60 #SUP: 2824
7 29 40 48 52 58 62 #SUP: 2724
29 36 40 48 52 58 62 #SUP: 2810
36 40 48 52 58 60 62 #SUP: 2799
29 36 40 48 52 60 62 #SUP: 2786
29 36 40 48 58 60 62 #SUP: 2797
29 36 48 52 58 60 62 #SUP: 2801
29 40 48 52 58 60 62 #SUP: 2812
29 34 36 40 48 52 58 #SUP: 2794
34 36 40 48 52 58 60 #SUP: 2774
29 34 36 40 48 52 60 #SUP: 2771
29 34 36 40 48 58 60 #SUP: 2779
29 34 36 48 52 58 60 #SUP: 2792
29 34 40 48 52 58 60 #SUP: 2796
29 34 48 52 58 60 66 #SUP: 2724
40 48 52 58 60 62 66 #SUP: 2718
29 40 48 58 60 62 66 #SUP: 2721
29 48 52 58 60 62 66 #SUP: 2725
7 29 40 48 52 58 66 #SUP: 2718
7 40 48 52 58 60 66 #SUP: 2722
7 29 40 48 52 60 66 #SUP: 2719
7 29 40 48 58 60 66 #SUP: 2729
7 29 48 52 58 60 66 #SUP: 2742
7 36 48 52 58 60 66 #SUP: 2720
7 29 36 48 52 60 66 #SUP: 2717
7 29 36 48 58 60 66 #SUP: 2727
29 36 40 48 52 58 66 #SUP: 2803
36 40 48 52 58 60 66 #SUP: 2811
29 36 40 48 52 60 66 #SUP: 2804
29 36 40 48 58 60 66 #SUP: 2814
29 36 48 52 58 60 66 #SUP: 2827
29 40 48 52 58 60 66 #SUP: 2829
29 36 40 48 52 56 58 #SUP: 2766
36 40 48 52 56 58 60 #SUP: 2755
29 36 40 48 52 56 60 #SUP: 2743
29 36 40 48 56 58 60 #SUP: 2747
29 36 48 52 56 58 60 #SUP: 2766
29 40 48 52 56 58 60 #SUP: 2768
29 36 40 52 56 58 60 #SUP: 2834
7 29 36 40 52 56 58 #SUP: 2784
7 36 40 52 56 58 60 #SUP: 2747
7 29 36 40 52 56 60 #SUP: 2741
7 29 36 40 56 58 60 #SUP: 2745
7 29 36 52 56 58 60 #SUP: 2764
7 29 40 52 56 58 60 #SUP: 2837
7 29 40 52 56 58 62 #SUP: 2795
7 40 52 56 58 60 62 #SUP: 2758
7 29 40 52 56 60 62 #SUP: 2751
7 29 40 56 58 60 62 #SUP: 2756
7 29 52 56 58 60 62 #SUP: 2765
29 36 40 52 56 58 62 #SUP: 2792
36 40 52 56 58 60 62 #SUP: 2761
29 36 40 52 56 60 62 #SUP: 2748
29 36 40 56 58 60 62 #SUP: 2753
29 36 52 56 58 60 62 #SUP: 2762
29 40 52 56 58 60 62 #SUP: 2845
29 34 40 52 56 58 62 #SUP: 2770
34 40 52 56 58 60 62 #SUP: 2730
29 34 40 52 56 60 62 #SUP: 2726
29 34 40 56 58 60 62 #SUP: 2731
29 34 52 56 58 60 62 #SUP: 2738
7 29 34 40 52 56 58 #SUP: 2759
7 34 40 52 56 58 60 #SUP: 2717
7 29 34 40 56 58 60 #SUP: 2720
7 29 34 52 56 58 60 #SUP: 2737
29 34 36 40 52 56 58 #SUP: 2754
29 34 36 52 56 58 60 #SUP: 2732
29 34 40 52 56 58 60 #SUP: 2807
29 34 52 56 58 60 66 #SUP: 2720
29 40 52 56 58 62 66 #SUP: 2728
40 52 56 58 60 62 66 #SUP: 2736
29 40 52 56 60 62 66 #SUP: 2728
29 40 56 58 60 62 66 #SUP: 2733
29 52 56 58 60 62 66 #SUP: 2742
7 40 52 56 58 60 66 #SUP: 2720
7 29 40 52 56 60 66 #SUP: 2717
7 29 40 56 58 60 66 #SUP: 2721
7 29 52 56 58 60 66 #SUP: 2739
36 40 52 56 58 60 66 #SUP: 2720
29 36 40 56 58 60 66 #SUP: 2717
29 36 52 56 58 60 66 #SUP: 2735
29 40 52 56 58 60 66 #SUP: 2809
29 36 40 52 58 60 66 #SUP: 2880
7 29 36 40 52 58 66 #SUP: 2769
7 36 40 52 58 60 66 #SUP: 2773
7 29 36 40 52 60 66 #SUP: 2770
7 29 36 40 58 60 66 #SUP: 2780
7 29 36 52 58 60 66 #SUP: 2793
7 29 40 52 58 60 66 #SUP: 2866
7 29 40 52 58 62 66 #SUP: 2747
7 40 52 58 60 62 66 #SUP: 2751
7 29 40 52 60 62 66 #SUP: 2747
7 29 40 58 60 62 66 #SUP: 2758
7 29 52 58 60 62 66 #SUP: 2762
29 36 40 52 58 62 66 #SUP: 2761
36 40 52 58 60 62 66 #SUP: 2769
29 36 40 52 60 62 66 #SUP: 2761
29 36 40 58 60 62 66 #SUP: 2772
29 36 52 58 60 62 66 #SUP: 2776
29 40 52 58 60 62 66 #SUP: 2858
29 34 40 52 58 62 66 #SUP: 2741
34 40 52 58 60 62 66 #SUP: 2745
29 34 40 52 60 62 66 #SUP: 2741
29 34 40 58 60 62 66 #SUP: 2750
29 34 52 58 60 62 66 #SUP: 2753
7 29 34 40 52 58 66 #SUP: 2744
7 34 40 52 58 60 66 #SUP: 2746
7 29 34 40 52 60 66 #SUP: 2745
7 29 34 40 58 60 66 #SUP: 2753
7 29 34 52 58 60 66 #SUP: 2765
29 34 36 40 52 58 66 #SUP: 2754
34 36 40 52 58 60 66 #SUP: 2758
29 34 36 40 52 60 66 #SUP: 2755
29 34 36 40 58 60 66 #SUP: 2763
29 34 36 52 58 60 66 #SUP: 2775
29 34 40 52 58 60 66 #SUP: 2851
29 34 36 40 52 58 60 #SUP: 2862
7 29 34 36 40 52 58 #SUP: 2798
7 34 36 40 52 58 60 #SUP: 2756
7 29 34 36 40 52 60 #SUP: 2755
7 29 34 36 40 58 60 #SUP: 2763
7 29 34 36 52 58 60 #SUP: 2776
7 29 34 40 52 58 60 #SUP: 2851
7 29 34 40 52 58 62 #SUP: 2780
7 34 40 52 58 60 62 #SUP: 2738
7 29 34 40 52 60 62 #SUP: 2736
7 29 34 40 58 60 62 #SUP: 2745
7 29 34 52 58 60 62 #SUP: 2748
29 34 36 40 52 58 62 #SUP: 2791
34 36 40 52 58 60 62 #SUP: 2751
29 34 36 40 52 60 62 #SUP: 2747
29 34 36 40 58 60 62 #SUP: 2756
29 34 36 52 58 60 62 #SUP: 2759
29 34 40 52 58 60 62 #SUP: 2844
29 36 40 52 58 60 62 #SUP: 2878
7 29 36 40 52 58 62 #SUP: 2810
7 36 40 52 58 60 62 #SUP: 2773
7 29 36 40 52 60 62 #SUP: 2766
7 29 36 40 58 60 62 #SUP: 2777
7 29 36 52 58 60 62 #SUP: 2781
7 29 40 52 58 60 62 #SUP: 2863
7 29 36 40 52 58 60 #SUP: 2890
7 29 36 40 52 58 60 62 #SUP: 2766
29 34 36 40 52 58 60 62 #SUP: 2747
7 29 34 40 52 58 60 62 #SUP: 2736
7 29 34 36 40 52 58 60 #SUP: 2754
29 34 36 40 52 58 60 66 #SUP: 2754
7 29 34 40 52 58 60 66 #SUP: 2744
29 34 40 52 58 60 62 66 #SUP: 2741
29 36 40 52 58 60 62 66 #SUP: 2761
7 29 40 52 58 60 62 66 #SUP: 2747
7 29 36 40 52 58 60 66 #SUP: 2769
29 40 52 56 58 60 62 66 #SUP: 2728
29 34 40 52 56 58 60 62 #SUP: 2726
29 36 40 52 56 58 60 62 #SUP: 2748
7 29 40 52 56 58 60 62 #SUP: 2751
7 29 36 40 52 56 58 60 #SUP: 2740
29 36 40 48 52 56 58 60 #SUP: 2742
29 36 40 48 52 58 60 66 #SUP: 2803
7 29 40 48 52 58 60 66 #SUP: 2718
29 34 36 40 48 52 58 60 #SUP: 2770
29 36 40 48 52 58 60 62 #SUP: 2786
7 29 36 40 48 52 58 60 #SUP: 2798
5 29 34 40 52 58 60 66 #SUP: 2721
