11 #SUP: 46
340 #SUP: 46
570 #SUP: 46
66 #SUP: 47
479 #SUP: 47
664 #SUP: 47
535 #SUP: 48
1004 #SUP: 50
1659 #SUP: 50
956 #SUP: 51
1393 #SUP: 51
161 #SUP: 52
348 #SUP: 53
1146 #SUP: 53
49 #SUP: 56
37 #SUP: 57
374 #SUP: 57
413 #SUP: 57
286 #SUP: 58
1233 #SUP: 58
536 #SUP: 59
855 #SUP: 59
201 #SUP: 60
249 #SUP: 60
185 #SUP: 61
548 #SUP: 62
3966 #SUP: 62
976 #SUP: 64
179 #SUP: 65
94 #SUP: 67
740 #SUP: 68
301 #SUP: 70
589 #SUP: 70
2990 #SUP: 70
123 #SUP: 71
208 #SUP: 71
533 #SUP: 71
381 #SUP: 72
677 #SUP: 72
338 #SUP: 73
824 #SUP: 74
117 #SUP: 76
592 #SUP: 77
3735 #SUP: 78
270 #SUP: 81
1859 #SUP: 81
783 #SUP: 82
9 #SUP: 84
79 #SUP: 84
2238 #SUP: 84
271 #SUP: 87
255 #SUP: 88
1198 #SUP: 88
522 #SUP: 89
189 #SUP: 90
147 #SUP: 101
438 #SUP: 103
101 #SUP: 108
1715 #SUP: 122
749 #SUP: 123
475 #SUP: 128
352 #SUP: 132
1121 #SUP: 136
237 #SUP: 149
60 #SUP: 151
225 #SUP: 156
36 #SUP: 161
310 #SUP: 162
110 #SUP: 164
1327 #SUP: 168
604 #SUP: 169
65 #SUP: 181
89 #SUP: 184
170 #SUP: 205
32 #SUP: 723
38 #SUP: 889
41 #SUP: 1211
48 #SUP: 2029
39 #SUP: 2613
41 749 #SUP: 47
48 749 #SUP: 64
39 749 #SUP: 78
41 1715 #SUP: 46
48 1715 #SUP: 68
39 1715 #SUP: 79
48 101 #SUP: 64
39 101 #SUP: 63
48 438 #SUP: 52
39 438 #SUP: 64
48 147 #SUP: 62
39 147 #SUP: 62
48 189 #SUP: 47
39 189 #SUP: 59
48 522 #SUP: 55
39 522 #SUP: 55
39 1198 #SUP: 51
48 255 #SUP: 68
39 255 #SUP: 64
39 271 #SUP: 59
39 2238 #SUP: 64
38 286 #SUP: 55
39 79 #SUP: 61
9 39 #SUP: 52
39 48 #SUP: 1411
48 783 #SUP: 52
41 48 #SUP: 691
39 783 #SUP: 51
39 41 #SUP: 919
37 38 #SUP: 57
38 41 #SUP: 356
48 1859 #SUP: 47
38 48 #SUP: 414
39 1859 #SUP: 46
38 39 #SUP: 585
32 38 #SUP: 159
32 41 #SUP: 237
32 48 #SUP: 371
39 270 #SUP: 52
32 39 #SUP: 407
38 170 #SUP: 200
41 170 #SUP: 76
48 3735 #SUP: 50
48 170 #SUP: 88
39 3735 #SUP: 49
39 170 #SUP: 130
41 89 #SUP: 61
48 592 #SUP: 48
48 89 #SUP: 121
39 592 #SUP: 49
39 89 #SUP: 127
41 65 #SUP: 65
48 65 #SUP: 104
39 65 #SUP: 105
41 604 #SUP: 60
48 604 #SUP: 81
39 604 #SUP: 111
41 1327 #SUP: 52
48 1327 #SUP: 80
39 1327 #SUP: 103
38 110 #SUP: 158
41 110 #SUP: 72
48 110 #SUP: 72
39 110 #SUP: 101
41 310 #SUP: 72
48 310 #SUP: 96
39 310 #SUP: 113
36 38 #SUP: 151
36 41 #SUP: 68
36 48 #SUP: 70
36 39 #SUP: 113
41 225 #SUP: 76
48 225 #SUP: 79
39 208 #SUP: 46
39 225 #SUP: 110
48 60 #SUP: 82
39 60 #SUP: 96
48 2990 #SUP: 48
48 237 #SUP: 74
39 237 #SUP: 94
48 1121 #SUP: 77
39 1121 #SUP: 79
41 352 #SUP: 52
48 352 #SUP: 77
39 352 #SUP: 68
41 475 #SUP: 50
48 475 #SUP: 72
39 740 #SUP: 49
39 475 #SUP: 80
39 48 475 #SUP: 56
39 48 352 #SUP: 46
39 48 1121 #SUP: 46
39 48 237 #SUP: 59
39 48 60 #SUP: 60
39 48 225 #SUP: 63
41 48 225 #SUP: 46
39 41 225 #SUP: 63
36 39 48 #SUP: 54
36 39 41 #SUP: 54
36 38 41 #SUP: 63
36 38 48 #SUP: 66
36 38 39 #SUP: 107
39 48 310 #SUP: 75
41 48 310 #SUP: 55
39 41 310 #SUP: 60
39 48 110 #SUP: 54
39 41 110 #SUP: 59
38 41 110 #SUP: 71
38 48 110 #SUP: 71
38 39 110 #SUP: 99
39 48 1327 #SUP: 59
39 48 604 #SUP: 63
39 41 604 #SUP: 46
39 48 65 #SUP: 68
39 41 65 #SUP: 48
39 48 89 #SUP: 88
41 48 89 #SUP: 46
39 41 89 #SUP: 50
39 48 170 #SUP: 62
39 41 170 #SUP: 62
38 41 170 #SUP: 75
38 48 170 #SUP: 85
38 39 170 #SUP: 126
32 39 48 #SUP: 241
32 41 48 #SUP: 141
32 39 41 #SUP: 175
32 38 41 #SUP: 75
32 38 48 #SUP: 89
32 38 39 #SUP: 107
38 39 48 #SUP: 317
38 41 48 #SUP: 200
38 39 41 #SUP: 283
39 41 48 #SUP: 561
39 48 255 #SUP: 54
39 48 1715 #SUP: 49
39 48 749 #SUP: 52
38 39 41 48 #SUP: 170
32 38 39 48 #SUP: 68
32 38 41 48 #SUP: 46
32 38 39 41 #SUP: 60
32 39 41 48 #SUP: 111
38 39 48 170 #SUP: 60
38 39 41 170 #SUP: 61
38 39 48 110 #SUP: 54
38 39 41 110 #SUP: 59
39 41 48 310 #SUP: 46
36 38 39 48 #SUP: 52
36 38 39 41 #SUP: 51
