24 #SUP: 3483
27 #SUP: 3636
43 #SUP: 3685
29 #SUP: 3743
21 #SUP: 3840
66 #SUP: 3852
31 #SUP: 3968
16 #SUP: 4128
18 #SUP: 4226
12 #SUP: 4229
17 #SUP: 4242
12 17 #SUP: 4228
12 18 #SUP: 4220
17 18 #SUP: 4226
16 18 #SUP: 4119
12 16 #SUP: 4122
16 17 #SUP: 4128
16 31 #SUP: 3891
18 31 #SUP: 3953
12 31 #SUP: 3955
17 31 #SUP: 3968
31 66 #SUP: 3601
16 66 #SUP: 3738
18 66 #SUP: 3836
12 66 #SUP: 3838
17 66 #SUP: 3852
21 66 #SUP: 3500
21 31 #SUP: 3609
16 21 #SUP: 3739
18 21 #SUP: 3824
12 21 #SUP: 3826
17 21 #SUP: 3840
21 29 #SUP: 3438
29 66 #SUP: 3402
29 31 #SUP: 3498
16 29 #SUP: 3637
18 29 #SUP: 3728
12 29 #SUP: 3730
17 29 #SUP: 3743
31 43 #SUP: 3454
16 43 #SUP: 3592
18 43 #SUP: 3673
12 43 #SUP: 3673
17 43 #SUP: 3685
21 27 #SUP: 3503
27 31 #SUP: 3410
16 27 #SUP: 3540
18 27 #SUP: 3621
12 27 #SUP: 3624
17 27 #SUP: 3636
18 24 #SUP: 3469
12 24 #SUP: 3470
17 24 #SUP: 3483
12 17 24 #SUP: 3470
12 18 24 #SUP: 3463
17 18 24 #SUP: 3469
12 17 27 #SUP: 3624
12 18 27 #SUP: 3617
17 18 27 #SUP: 3621
16 18 27 #SUP: 3532
12 16 27 #SUP: 3536
16 17 27 #SUP: 3540
18 27 31 #SUP: 3396
12 27 31 #SUP: 3399
17 27 31 #SUP: 3410
16 21 27 #SUP: 3415
18 21 27 #SUP: 3488
12 21 27 #SUP: 3491
17 21 27 #SUP: 3503
12 17 43 #SUP: 3673
12 18 43 #SUP: 3668
17 18 43 #SUP: 3673
16 18 43 #SUP: 3586
12 16 43 #SUP: 3587
16 17 43 #SUP: 3592
18 31 43 #SUP: 3443
12 31 43 #SUP: 3443
17 31 43 #SUP: 3454
12 17 29 #SUP: 3730
12 18 29 #SUP: 3722
17 18 29 #SUP: 3728
16 18 29 #SUP: 3628
12 16 29 #SUP: 3631
16 17 29 #SUP: 3637
16 29 31 #SUP: 3424
18 29 31 #SUP: 3484
12 29 31 #SUP: 3486
17 29 31 #SUP: 3498
17 29 66 #SUP: 3402
18 21 29 #SUP: 3423
12 21 29 #SUP: 3425
17 21 29 #SUP: 3438
12 17 21 #SUP: 3826
12 18 21 #SUP: 3818
17 18 21 #SUP: 3824
16 18 21 #SUP: 3730
12 16 21 #SUP: 3733
16 17 21 #SUP: 3739
16 21 31 #SUP: 3540
18 21 31 #SUP: 3594
12 21 31 #SUP: 3596
17 21 31 #SUP: 3609
16 21 66 #SUP: 3399
18 21 66 #SUP: 3484
12 21 66 #SUP: 3486
17 21 66 #SUP: 3500
12 17 66 #SUP: 3838
12 18 66 #SUP: 3830
17 18 66 #SUP: 3836
16 18 66 #SUP: 3729
12 16 66 #SUP: 3732
16 17 66 #SUP: 3738
16 31 66 #SUP: 3524
18 31 66 #SUP: 3586
12 31 66 #SUP: 3588
17 31 66 #SUP: 3601
12 17 31 #SUP: 3955
12 18 31 #SUP: 3948
17 18 31 #SUP: 3953
16 18 31 #SUP: 3883
12 16 31 #SUP: 3886
16 17 31 #SUP: 3891
12 16 17 #SUP: 4122
12 16 18 #SUP: 4114
16 17 18 #SUP: 4119
12 17 18 #SUP: 4220
12 16 17 18 #SUP: 4114
12 16 17 31 #SUP: 3886
12 16 18 31 #SUP: 3879
16 17 18 31 #SUP: 3883
12 17 18 31 #SUP: 3948
12 17 31 66 #SUP: 3588
12 18 31 66 #SUP: 3581
17 18 31 66 #SUP: 3586
16 18 31 66 #SUP: 3516
12 16 31 66 #SUP: 3519
16 17 31 66 #SUP: 3524
12 16 17 66 #SUP: 3732
12 16 18 66 #SUP: 3724
16 17 18 66 #SUP: 3729
12 17 18 66 #SUP: 3830
12 17 21 66 #SUP: 3486
12 18 21 66 #SUP: 3478
17 18 21 66 #SUP: 3484
16 17 21 66 #SUP: 3399
12 17 21 31 #SUP: 3596
12 18 21 31 #SUP: 3589
17 18 21 31 #SUP: 3594
16 18 21 31 #SUP: 3532
12 16 21 31 #SUP: 3535
16 17 21 31 #SUP: 3540
12 16 17 21 #SUP: 3733
12 16 18 21 #SUP: 3725
16 17 18 21 #SUP: 3730
12 17 18 21 #SUP: 3818
12 17 21 29 #SUP: 3425
12 18 21 29 #SUP: 3417
17 18 21 29 #SUP: 3423
12 17 29 31 #SUP: 3486
12 18 29 31 #SUP: 3479
17 18 29 31 #SUP: 3484
16 18 29 31 #SUP: 3416
12 16 29 31 #SUP: 3419
16 17 29 31 #SUP: 3424
12 16 17 29 #SUP: 3631
12 16 18 29 #SUP: 3623
16 17 18 29 #SUP: 3628
12 17 18 29 #SUP: 3722
12 17 31 43 #SUP: 3443
12 18 31 43 #SUP: 3439
17 18 31 43 #SUP: 3443
12 16 17 43 #SUP: 3587
12 16 18 43 #SUP: 3582
16 17 18 43 #SUP: 3586
12 17 18 43 #SUP: 3668
12 17 21 27 #SUP: 3491
12 18 21 27 #SUP: 3484
17 18 21 27 #SUP: 3488
16 18 21 27 #SUP: 3407
12 16 21 27 #SUP: 3411
16 17 21 27 #SUP: 3415
12 17 27 31 #SUP: 3399
17 18 27 31 #SUP: 3396
12 16 17 27 #SUP: 3536
12 16 18 27 #SUP: 3529
16 17 18 27 #SUP: 3532
12 17 18 27 #SUP: 3617
12 17 18 24 #SUP: 3463
12 16 17 18 27 #SUP: 3529
12 16 17 21 27 #SUP: 3411
12 16 18 21 27 #SUP: 3404
16 17 18 21 27 #SUP: 3407
12 17 18 21 27 #SUP: 3484
12 16 17 18 43 #SUP: 3582
12 17 18 31 43 #SUP: 3439
12 16 17 18 29 #SUP: 3623
12 16 17 29 31 #SUP: 3419
12 16 18 29 31 #SUP: 3412
16 17 18 29 31 #SUP: 3416
12 17 18 29 31 #SUP: 3479
12 17 18 21 29 #SUP: 3417
12 16 17 18 21 #SUP: 3725
12 16 17 21 31 #SUP: 3535
12 16 18 21 31 #SUP: 3528
16 17 18 21 31 #SUP: 3532
12 17 18 21 31 #SUP: 3589
12 17 18 21 66 #SUP: 3478
12 16 17 18 66 #SUP: 3724
12 16 17 31 66 #SUP: 3519
12 16 18 31 66 #SUP: 3512
16 17 18 31 66 #SUP: 3516
12 17 18 31 66 #SUP: 3581
12 16 17 18 31 #SUP: 3879
12 16 17 18 31 66 #SUP: 3512
12 16 17 18 21 31 #SUP: 3528
12 16 17 18 29 31 #SUP: 3412
12 16 17 18 21 27 #SUP: 3404
