8 #SUP: 3035
59 #SUP: 3122
25 #SUP: 3202
28 #SUP: 3265
41 #SUP: 3292
15 #SUP: 3319
24 #SUP: 3483
27 #SUP: 3636
43 #SUP: 3685
29 #SUP: 3743
21 #SUP: 3840
66 #SUP: 3852
31 #SUP: 3968
16 #SUP: 4128
18 #SUP: 4226
12 #SUP: 4229
17 #SUP: 4242
12 17 #SUP: 4228
12 18 #SUP: 4220
17 18 #SUP: 4226
16 18 #SUP: 4119
12 16 #SUP: 4122
16 17 #SUP: 4128
16 31 #SUP: 3891
18 31 #SUP: 3953
12 31 #SUP: 3955
17 31 #SUP: 3968
31 66 #SUP: 3601
16 66 #SUP: 3738
18 66 #SUP: 3836
12 66 #SUP: 3838
17 66 #SUP: 3852
21 66 #SUP: 3500
21 31 #SUP: 3609
16 21 #SUP: 3739
18 21 #SUP: 3824
12 21 #SUP: 3826
17 21 #SUP: 3840
21 29 #SUP: 3438
29 66 #SUP: 3402
29 31 #SUP: 3498
16 29 #SUP: 3637
18 29 #SUP: 3728
12 29 #SUP: 3730
17 29 #SUP: 3743
29 43 #SUP: 3256
21 43 #SUP: 3334
43 66 #SUP: 3348
31 43 #SUP: 3454
16 43 #SUP: 3592
18 43 #SUP: 3673
12 43 #SUP: 3673
17 43 #SUP: 3685
27 43 #SUP: 3166
27 29 #SUP: 3226
21 27 #SUP: 3503
27 66 #SUP: 3310
27 31 #SUP: 3410
16 27 #SUP: 3540
18 27 #SUP: 3621
12 27 #SUP: 3624
17 27 #SUP: 3636
24 27 #SUP: 2978
24 43 #SUP: 3049
24 29 #SUP: 3090
21 24 #SUP: 3150
24 66 #SUP: 3145
24 31 #SUP: 3273
16 24 #SUP: 3389
18 24 #SUP: 3469
12 24 #SUP: 3470
17 24 #SUP: 3483
15 21 #SUP: 3012
15 66 #SUP: 2981
15 31 #SUP: 3129
15 16 #SUP: 3232
15 18 #SUP: 3305
12 15 #SUP: 3306
15 17 #SUP: 3319
21 41 #SUP: 3006
41 66 #SUP: 2979
31 41 #SUP: 3183
16 41 #SUP: 3218
18 41 #SUP: 3278
12 41 #SUP: 3283
17 41 #SUP: 3292
28 31 #SUP: 3094
16 28 #SUP: 3161
18 28 #SUP: 3256
12 28 #SUP: 3260
17 28 #SUP: 3265
25 31 #SUP: 2976
16 25 #SUP: 3117
18 25 #SUP: 3189
12 25 #SUP: 3189
17 25 #SUP: 3202
31 59 #SUP: 3050
16 59 #SUP: 3068
18 59 #SUP: 3115
12 59 #SUP: 3119
17 59 #SUP: 3122
8 24 #SUP: 3003
8 18 #SUP: 3021
8 12 #SUP: 3022
8 17 #SUP: 3034
8 12 17 #SUP: 3021
8 12 18 #SUP: 3015
8 17 18 #SUP: 3021
8 18 24 #SUP: 2990
8 12 24 #SUP: 2990
8 17 24 #SUP: 3003
12 17 59 #SUP: 3119
12 18 59 #SUP: 3112
17 18 59 #SUP: 3115
16 18 59 #SUP: 3061
12 16 59 #SUP: 3066
16 17 59 #SUP: 3068
16 31 59 #SUP: 3003
18 31 59 #SUP: 3043
12 31 59 #SUP: 3047
17 31 59 #SUP: 3050
12 17 25 #SUP: 3189
12 18 25 #SUP: 3184
17 18 25 #SUP: 3189
16 18 25 #SUP: 3111
12 16 25 #SUP: 3112
16 17 25 #SUP: 3117
17 25 31 #SUP: 2976
12 17 28 #SUP: 3260
12 18 28 #SUP: 3252
17 18 28 #SUP: 3256
16 18 28 #SUP: 3153
12 16 28 #SUP: 3158
16 17 28 #SUP: 3161
16 28 31 #SUP: 3027
18 28 31 #SUP: 3086
12 28 31 #SUP: 3090
17 28 31 #SUP: 3094
12 17 41 #SUP: 3283
12 18 41 #SUP: 3276
17 18 41 #SUP: 3278
16 18 41 #SUP: 3210
12 16 41 #SUP: 3215
16 17 41 #SUP: 3218
16 31 41 #SUP: 3126
18 31 41 #SUP: 3169
12 31 41 #SUP: 3174
17 31 41 #SUP: 3183
17 41 66 #SUP: 2979
18 21 41 #SUP: 2992
12 21 41 #SUP: 2997
17 21 41 #SUP: 3006
12 15 17 #SUP: 3306
12 15 18 #SUP: 3300
15 17 18 #SUP: 3305
15 16 18 #SUP: 3225
12 15 16 #SUP: 3226
15 16 17 #SUP: 3232
15 16 31 #SUP: 3071
15 18 31 #SUP: 3116
12 15 31 #SUP: 3117
15 17 31 #SUP: 3129
15 17 66 #SUP: 2981
15 18 21 #SUP: 2998
12 15 21 #SUP: 2999
15 17 21 #SUP: 3012
12 17 24 #SUP: 3470
12 18 24 #SUP: 3463
17 18 24 #SUP: 3469
16 18 24 #SUP: 3381
12 16 24 #SUP: 3383
16 17 24 #SUP: 3389
16 24 31 #SUP: 3207
18 24 31 #SUP: 3260
12 24 31 #SUP: 3261
17 24 31 #SUP: 3273
16 24 66 #SUP: 3051
18 24 66 #SUP: 3131
12 24 66 #SUP: 3132
17 24 66 #SUP: 3145
16 21 24 #SUP: 3068
18 21 24 #SUP: 3136
12 21 24 #SUP: 3137
17 21 24 #SUP: 3150
16 24 29 #SUP: 3001
18 24 29 #SUP: 3076
12 24 29 #SUP: 3077
17 24 29 #SUP: 3090
16 24 43 #SUP: 2973
18 24 43 #SUP: 3039
12 24 43 #SUP: 3038
17 24 43 #SUP: 3049
17 24 27 #SUP: 2978
12 17 27 #SUP: 3624
12 18 27 #SUP: 3617
17 18 27 #SUP: 3621
16 18 27 #SUP: 3532
12 16 27 #SUP: 3536
16 17 27 #SUP: 3540
16 27 31 #SUP: 3342
18 27 31 #SUP: 3396
12 27 31 #SUP: 3399
17 27 31 #SUP: 3410
27 31 66 #SUP: 3102
16 27 66 #SUP: 3214
18 27 66 #SUP: 3295
12 27 66 #SUP: 3298
17 27 66 #SUP: 3310
21 27 66 #SUP: 3192
21 27 31 #SUP: 3294
16 21 27 #SUP: 3415
18 21 27 #SUP: 3488
12 21 27 #SUP: 3491
17 21 27 #SUP: 3503
21 27 29 #SUP: 3118
27 29 31 #SUP: 3019
16 27 29 #SUP: 3137
18 27 29 #SUP: 3212
12 27 29 #SUP: 3215
17 27 29 #SUP: 3226
21 27 43 #SUP: 3053
27 31 43 #SUP: 2979
16 27 43 #SUP: 3090
18 27 43 #SUP: 3155
12 27 43 #SUP: 3155
17 27 43 #SUP: 3166
12 17 43 #SUP: 3673
12 18 43 #SUP: 3668
17 18 43 #SUP: 3673
16 18 43 #SUP: 3586
12 16 43 #SUP: 3587
16 17 43 #SUP: 3592
16 31 43 #SUP: 3392
18 31 43 #SUP: 3443
12 31 43 #SUP: 3443
17 31 43 #SUP: 3454
31 43 66 #SUP: 3137
16 43 66 #SUP: 3255
18 43 66 #SUP: 3336
12 43 66 #SUP: 3336
17 43 66 #SUP: 3348
21 43 66 #SUP: 3039
21 31 43 #SUP: 3141
16 21 43 #SUP: 3252
18 21 43 #SUP: 3322
12 21 43 #SUP: 3322
17 21 43 #SUP: 3334
21 29 43 #SUP: 2992
29 31 43 #SUP: 3047
16 29 43 #SUP: 3169
18 29 43 #SUP: 3245
12 29 43 #SUP: 3245
17 29 43 #SUP: 3256
12 17 29 #SUP: 3730
12 18 29 #SUP: 3722
17 18 29 #SUP: 3728
16 18 29 #SUP: 3628
12 16 29 #SUP: 3631
16 17 29 #SUP: 3637
16 29 31 #SUP: 3424
18 29 31 #SUP: 3484
12 29 31 #SUP: 3486
17 29 31 #SUP: 3498
29 31 66 #SUP: 3179
16 29 66 #SUP: 3296
18 29 66 #SUP: 3387
12 29 66 #SUP: 3389
17 29 66 #SUP: 3402
21 29 66 #SUP: 3136
21 29 31 #SUP: 3227
16 21 29 #SUP: 3344
18 21 29 #SUP: 3423
12 21 29 #SUP: 3425
17 21 29 #SUP: 3438
12 17 21 #SUP: 3826
12 18 21 #SUP: 3818
17 18 21 #SUP: 3824
16 18 21 #SUP: 3730
12 16 21 #SUP: 3733
16 17 21 #SUP: 3739
16 21 31 #SUP: 3540
18 21 31 #SUP: 3594
12 21 31 #SUP: 3596
17 21 31 #SUP: 3609
21 31 66 #SUP: 3285
16 21 66 #SUP: 3399
18 21 66 #SUP: 3484
12 21 66 #SUP: 3486
17 21 66 #SUP: 3500
12 17 66 #SUP: 3838
12 18 66 #SUP: 3830
17 18 66 #SUP: 3836
16 18 66 #SUP: 3729
12 16 66 #SUP: 3732
16 17 66 #SUP: 3738
16 31 66 #SUP: 3524
18 31 66 #SUP: 3586
12 31 66 #SUP: 3588
17 31 66 #SUP: 3601
12 17 31 #SUP: 3955
12 18 31 #SUP: 3948
17 18 31 #SUP: 3953
16 18 31 #SUP: 3883
12 16 31 #SUP: 3886
16 17 31 #SUP: 3891
12 16 17 #SUP: 4122
12 16 18 #SUP: 4114
16 17 18 #SUP: 4119
12 17 18 #SUP: 4220
12 16 17 18 #SUP: 4114
12 16 17 31 #SUP: 3886
12 16 18 31 #SUP: 3879
16 17 18 31 #SUP: 3883
12 17 18 31 #SUP: 3948
12 17 31 66 #SUP: 3588
12 18 31 66 #SUP: 3581
17 18 31 66 #SUP: 3586
16 18 31 66 #SUP: 3516
12 16 31 66 #SUP: 3519
16 17 31 66 #SUP: 3524
12 16 17 66 #SUP: 3732
12 16 18 66 #SUP: 3724
16 17 18 66 #SUP: 3729
12 17 18 66 #SUP: 3830
12 17 21 66 #SUP: 3486
12 18 21 66 #SUP: 3478
17 18 21 66 #SUP: 3484
16 18 21 66 #SUP: 3390
12 16 21 66 #SUP: 3393
16 17 21 66 #SUP: 3399
16 21 31 66 #SUP: 3216
18 21 31 66 #SUP: 3270
12 21 31 66 #SUP: 3272
17 21 31 66 #SUP: 3285
12 17 21 31 #SUP: 3596
12 18 21 31 #SUP: 3589
17 18 21 31 #SUP: 3594
16 18 21 31 #SUP: 3532
12 16 21 31 #SUP: 3535
16 17 21 31 #SUP: 3540
12 16 17 21 #SUP: 3733
12 16 18 21 #SUP: 3725
16 17 18 21 #SUP: 3730
12 17 18 21 #SUP: 3818
12 17 21 29 #SUP: 3425
12 18 21 29 #SUP: 3417
17 18 21 29 #SUP: 3423
16 18 21 29 #SUP: 3335
12 16 21 29 #SUP: 3338
16 17 21 29 #SUP: 3344
16 21 29 31 #SUP: 3161
18 21 29 31 #SUP: 3213
12 21 29 31 #SUP: 3215
17 21 29 31 #SUP: 3227
16 21 29 66 #SUP: 3042
18 21 29 66 #SUP: 3121
12 21 29 66 #SUP: 3123
17 21 29 66 #SUP: 3136
12 17 29 66 #SUP: 3389
12 18 29 66 #SUP: 3381
17 18 29 66 #SUP: 3387
16 18 29 66 #SUP: 3287
12 16 29 66 #SUP: 3290
16 17 29 66 #SUP: 3296
16 29 31 66 #SUP: 3105
18 29 31 66 #SUP: 3165
12 29 31 66 #SUP: 3167
17 29 31 66 #SUP: 3179
12 17 29 31 #SUP: 3486
12 18 29 31 #SUP: 3479
17 18 29 31 #SUP: 3484
16 18 29 31 #SUP: 3416
12 16 29 31 #SUP: 3419
16 17 29 31 #SUP: 3424
12 16 17 29 #SUP: 3631
12 16 18 29 #SUP: 3623
16 17 18 29 #SUP: 3628
12 17 18 29 #SUP: 3722
12 17 29 43 #SUP: 3245
12 18 29 43 #SUP: 3240
17 18 29 43 #SUP: 3245
16 18 29 43 #SUP: 3163
12 16 29 43 #SUP: 3164
16 17 29 43 #SUP: 3169
16 29 31 43 #SUP: 2988
18 29 31 43 #SUP: 3037
12 29 31 43 #SUP: 3037
17 29 31 43 #SUP: 3047
18 21 29 43 #SUP: 2981
12 21 29 43 #SUP: 2981
17 21 29 43 #SUP: 2992
12 17 21 43 #SUP: 3322
12 18 21 43 #SUP: 3317
17 18 21 43 #SUP: 3322
16 18 21 43 #SUP: 3246
12 16 21 43 #SUP: 3247
16 17 21 43 #SUP: 3252
16 21 31 43 #SUP: 3085
18 21 31 43 #SUP: 3130
12 21 31 43 #SUP: 3130
17 21 31 43 #SUP: 3141
18 21 43 66 #SUP: 3027
12 21 43 66 #SUP: 3027
17 21 43 66 #SUP: 3039
12 17 43 66 #SUP: 3336
12 18 43 66 #SUP: 3331
17 18 43 66 #SUP: 3336
16 18 43 66 #SUP: 3249
12 16 43 66 #SUP: 3250
16 17 43 66 #SUP: 3255
16 31 43 66 #SUP: 3075
18 31 43 66 #SUP: 3126
12 31 43 66 #SUP: 3126
17 31 43 66 #SUP: 3137
12 17 31 43 #SUP: 3443
12 18 31 43 #SUP: 3439
17 18 31 43 #SUP: 3443
16 18 31 43 #SUP: 3387
12 16 31 43 #SUP: 3388
16 17 31 43 #SUP: 3392
12 16 17 43 #SUP: 3587
12 16 18 43 #SUP: 3582
16 17 18 43 #SUP: 3586
12 17 18 43 #SUP: 3668
12 17 27 43 #SUP: 3155
12 18 27 43 #SUP: 3151
17 18 27 43 #SUP: 3155
16 18 27 43 #SUP: 3085
12 16 27 43 #SUP: 3086
16 17 27 43 #SUP: 3090
17 27 31 43 #SUP: 2979
16 21 27 43 #SUP: 2983
18 21 27 43 #SUP: 3042
12 21 27 43 #SUP: 3042
17 21 27 43 #SUP: 3053
12 17 27 29 #SUP: 3215
12 18 27 29 #SUP: 3208
17 18 27 29 #SUP: 3212
16 18 27 29 #SUP: 3129
12 16 27 29 #SUP: 3133
16 17 27 29 #SUP: 3137
18 27 29 31 #SUP: 3006
12 27 29 31 #SUP: 3009
17 27 29 31 #SUP: 3019
16 21 27 29 #SUP: 3037
18 21 27 29 #SUP: 3104
12 21 27 29 #SUP: 3107
17 21 27 29 #SUP: 3118
12 17 21 27 #SUP: 3491
12 18 21 27 #SUP: 3484
17 18 21 27 #SUP: 3488
16 18 21 27 #SUP: 3407
12 16 21 27 #SUP: 3411
16 17 21 27 #SUP: 3415
16 21 27 31 #SUP: 3233
18 21 27 31 #SUP: 3280
12 21 27 31 #SUP: 3283
17 21 27 31 #SUP: 3294
21 27 31 66 #SUP: 2999
16 21 27 66 #SUP: 3104
18 21 27 66 #SUP: 3177
12 21 27 66 #SUP: 3180
17 21 27 66 #SUP: 3192
12 17 27 66 #SUP: 3298
12 18 27 66 #SUP: 3291
17 18 27 66 #SUP: 3295
16 18 27 66 #SUP: 3206
12 16 27 66 #SUP: 3210
16 17 27 66 #SUP: 3214
16 27 31 66 #SUP: 3034
18 27 31 66 #SUP: 3088
12 27 31 66 #SUP: 3091
17 27 31 66 #SUP: 3102
12 17 27 31 #SUP: 3399
12 18 27 31 #SUP: 3393
17 18 27 31 #SUP: 3396
16 18 27 31 #SUP: 3335
12 16 27 31 #SUP: 3339
16 17 27 31 #SUP: 3342
12 16 17 27 #SUP: 3536
12 16 18 27 #SUP: 3529
16 17 18 27 #SUP: 3532
12 17 18 27 #SUP: 3617
12 17 24 43 #SUP: 3038
12 18 24 43 #SUP: 3034
17 18 24 43 #SUP: 3039
16 17 24 43 #SUP: 2973
12 17 24 29 #SUP: 3077
12 18 24 29 #SUP: 3070
17 18 24 29 #SUP: 3076
16 18 24 29 #SUP: 2993
12 16 24 29 #SUP: 2995
16 17 24 29 #SUP: 3001
12 17 21 24 #SUP: 3137
12 18 21 24 #SUP: 3130
17 18 21 24 #SUP: 3136
16 18 21 24 #SUP: 3060
12 16 21 24 #SUP: 3062
16 17 21 24 #SUP: 3068
12 17 24 66 #SUP: 3132
12 18 24 66 #SUP: 3125
17 18 24 66 #SUP: 3131
16 18 24 66 #SUP: 3043
12 16 24 66 #SUP: 3045
16 17 24 66 #SUP: 3051
12 17 24 31 #SUP: 3261
12 18 24 31 #SUP: 3255
17 18 24 31 #SUP: 3260
16 18 24 31 #SUP: 3200
12 16 24 31 #SUP: 3202
16 17 24 31 #SUP: 3207
12 16 17 24 #SUP: 3383
12 16 18 24 #SUP: 3376
16 17 18 24 #SUP: 3381
12 17 18 24 #SUP: 3463
12 15 17 21 #SUP: 2999
12 15 18 21 #SUP: 2993
15 17 18 21 #SUP: 2998
12 15 17 31 #SUP: 3117
12 15 18 31 #SUP: 3112
15 17 18 31 #SUP: 3116
15 16 18 31 #SUP: 3065
12 15 16 31 #SUP: 3066
15 16 17 31 #SUP: 3071
12 15 16 17 #SUP: 3226
12 15 16 18 #SUP: 3220
15 16 17 18 #SUP: 3225
12 15 17 18 #SUP: 3300
12 17 21 41 #SUP: 2997
12 18 21 41 #SUP: 2990
17 18 21 41 #SUP: 2992
12 17 31 41 #SUP: 3174
12 18 31 41 #SUP: 3167
17 18 31 41 #SUP: 3169
16 18 31 41 #SUP: 3118
12 16 31 41 #SUP: 3123
16 17 31 41 #SUP: 3126
12 16 17 41 #SUP: 3215
12 16 18 41 #SUP: 3208
16 17 18 41 #SUP: 3210
12 17 18 41 #SUP: 3276
12 17 28 31 #SUP: 3090
12 18 28 31 #SUP: 3083
17 18 28 31 #SUP: 3086
16 18 28 31 #SUP: 3020
12 16 28 31 #SUP: 3025
16 17 28 31 #SUP: 3027
12 16 17 28 #SUP: 3158
12 16 18 28 #SUP: 3150
16 17 18 28 #SUP: 3153
12 17 18 28 #SUP: 3252
12 16 17 25 #SUP: 3112
12 16 18 25 #SUP: 3107
16 17 18 25 #SUP: 3111
12 17 18 25 #SUP: 3184
12 17 31 59 #SUP: 3047
12 18 31 59 #SUP: 3040
17 18 31 59 #SUP: 3043
16 18 31 59 #SUP: 2996
12 16 31 59 #SUP: 3001
16 17 31 59 #SUP: 3003
12 16 17 59 #SUP: 3066
12 16 18 59 #SUP: 3059
16 17 18 59 #SUP: 3061
12 17 18 59 #SUP: 3112
8 12 17 24 #SUP: 2990
8 12 18 24 #SUP: 2984
8 17 18 24 #SUP: 2990
8 12 17 18 #SUP: 3015
8 12 17 18 24 #SUP: 2984
12 16 17 18 59 #SUP: 3059
12 16 17 31 59 #SUP: 3001
12 16 18 31 59 #SUP: 2994
16 17 18 31 59 #SUP: 2996
12 17 18 31 59 #SUP: 3040
12 16 17 18 25 #SUP: 3107
12 16 17 18 28 #SUP: 3150
12 16 17 28 31 #SUP: 3025
12 16 18 28 31 #SUP: 3018
16 17 18 28 31 #SUP: 3020
12 17 18 28 31 #SUP: 3083
12 16 17 18 41 #SUP: 3208
12 16 17 31 41 #SUP: 3123
12 16 18 31 41 #SUP: 3116
16 17 18 31 41 #SUP: 3118
12 17 18 31 41 #SUP: 3167
12 17 18 21 41 #SUP: 2990
12 15 16 17 18 #SUP: 3220
12 15 16 17 31 #SUP: 3066
12 15 16 18 31 #SUP: 3061
15 16 17 18 31 #SUP: 3065
12 15 17 18 31 #SUP: 3112
12 15 17 18 21 #SUP: 2993
12 16 17 18 24 #SUP: 3376
12 16 17 24 31 #SUP: 3202
12 16 18 24 31 #SUP: 3196
16 17 18 24 31 #SUP: 3200
12 17 18 24 31 #SUP: 3255
12 16 17 24 66 #SUP: 3045
12 16 18 24 66 #SUP: 3038
16 17 18 24 66 #SUP: 3043
12 17 18 24 66 #SUP: 3125
12 16 17 21 24 #SUP: 3062
12 16 18 21 24 #SUP: 3055
16 17 18 21 24 #SUP: 3060
12 17 18 21 24 #SUP: 3130
12 16 17 24 29 #SUP: 2995
12 16 18 24 29 #SUP: 2988
16 17 18 24 29 #SUP: 2993
12 17 18 24 29 #SUP: 3070
12 17 18 24 43 #SUP: 3034
12 16 17 18 27 #SUP: 3529
12 16 17 27 31 #SUP: 3339
12 16 18 27 31 #SUP: 3333
16 17 18 27 31 #SUP: 3335
12 17 18 27 31 #SUP: 3393
12 17 27 31 66 #SUP: 3091
12 18 27 31 66 #SUP: 3085
17 18 27 31 66 #SUP: 3088
16 18 27 31 66 #SUP: 3027
12 16 27 31 66 #SUP: 3031
16 17 27 31 66 #SUP: 3034
12 16 17 27 66 #SUP: 3210
12 16 18 27 66 #SUP: 3203
16 17 18 27 66 #SUP: 3206
12 17 18 27 66 #SUP: 3291
12 17 21 27 66 #SUP: 3180
12 18 21 27 66 #SUP: 3173
17 18 21 27 66 #SUP: 3177
16 18 21 27 66 #SUP: 3096
12 16 21 27 66 #SUP: 3100
16 17 21 27 66 #SUP: 3104
18 21 27 31 66 #SUP: 2985
12 21 27 31 66 #SUP: 2988
17 21 27 31 66 #SUP: 2999
12 17 21 27 31 #SUP: 3283
12 18 21 27 31 #SUP: 3277
17 18 21 27 31 #SUP: 3280
16 18 21 27 31 #SUP: 3226
12 16 21 27 31 #SUP: 3230
16 17 21 27 31 #SUP: 3233
12 16 17 21 27 #SUP: 3411
12 16 18 21 27 #SUP: 3404
16 17 18 21 27 #SUP: 3407
12 17 18 21 27 #SUP: 3484
12 17 21 27 29 #SUP: 3107
12 18 21 27 29 #SUP: 3100
17 18 21 27 29 #SUP: 3104
16 18 21 27 29 #SUP: 3029
12 16 21 27 29 #SUP: 3033
16 17 21 27 29 #SUP: 3037
12 17 27 29 31 #SUP: 3009
12 18 27 29 31 #SUP: 3003
17 18 27 29 31 #SUP: 3006
12 16 17 27 29 #SUP: 3133
12 16 18 27 29 #SUP: 3126
16 17 18 27 29 #SUP: 3129
12 17 18 27 29 #SUP: 3208
12 17 21 27 43 #SUP: 3042
12 18 21 27 43 #SUP: 3038
17 18 21 27 43 #SUP: 3042
16 18 21 27 43 #SUP: 2978
12 16 21 27 43 #SUP: 2979
16 17 21 27 43 #SUP: 2983
12 16 17 27 43 #SUP: 3086
12 16 18 27 43 #SUP: 3082
16 17 18 27 43 #SUP: 3085
12 17 18 27 43 #SUP: 3151
12 16 17 18 43 #SUP: 3582
12 16 17 31 43 #SUP: 3388
12 16 18 31 43 #SUP: 3384
16 17 18 31 43 #SUP: 3387
12 17 18 31 43 #SUP: 3439
12 17 31 43 66 #SUP: 3126
12 18 31 43 66 #SUP: 3122
17 18 31 43 66 #SUP: 3126
16 18 31 43 66 #SUP: 3070
12 16 31 43 66 #SUP: 3071
16 17 31 43 66 #SUP: 3075
12 16 17 43 66 #SUP: 3250
12 16 18 43 66 #SUP: 3245
16 17 18 43 66 #SUP: 3249
12 17 18 43 66 #SUP: 3331
12 17 21 43 66 #SUP: 3027
12 18 21 43 66 #SUP: 3022
17 18 21 43 66 #SUP: 3027
12 17 21 31 43 #SUP: 3130
12 18 21 31 43 #SUP: 3126
17 18 21 31 43 #SUP: 3130
16 18 21 31 43 #SUP: 3080
12 16 21 31 43 #SUP: 3081
16 17 21 31 43 #SUP: 3085
12 16 17 21 43 #SUP: 3247
12 16 18 21 43 #SUP: 3242
16 17 18 21 43 #SUP: 3246
12 17 18 21 43 #SUP: 3317
12 17 21 29 43 #SUP: 2981
12 18 21 29 43 #SUP: 2976
17 18 21 29 43 #SUP: 2981
12 17 29 31 43 #SUP: 3037
12 18 29 31 43 #SUP: 3033
17 18 29 31 43 #SUP: 3037
16 18 29 31 43 #SUP: 2983
12 16 29 31 43 #SUP: 2984
16 17 29 31 43 #SUP: 2988
12 16 17 29 43 #SUP: 3164
12 16 18 29 43 #SUP: 3159
16 17 18 29 43 #SUP: 3163
12 17 18 29 43 #SUP: 3240
12 16 17 18 29 #SUP: 3623
12 16 17 29 31 #SUP: 3419
12 16 18 29 31 #SUP: 3412
16 17 18 29 31 #SUP: 3416
12 17 18 29 31 #SUP: 3479
12 17 29 31 66 #SUP: 3167
12 18 29 31 66 #SUP: 3160
17 18 29 31 66 #SUP: 3165
16 18 29 31 66 #SUP: 3097
12 16 29 31 66 #SUP: 3100
16 17 29 31 66 #SUP: 3105
12 16 17 29 66 #SUP: 3290
12 16 18 29 66 #SUP: 3282
16 17 18 29 66 #SUP: 3287
12 17 18 29 66 #SUP: 3381
12 17 21 29 66 #SUP: 3123
12 18 21 29 66 #SUP: 3115
17 18 21 29 66 #SUP: 3121
16 18 21 29 66 #SUP: 3033
12 16 21 29 66 #SUP: 3036
16 17 21 29 66 #SUP: 3042
12 17 21 29 31 #SUP: 3215
12 18 21 29 31 #SUP: 3208
17 18 21 29 31 #SUP: 3213
16 18 21 29 31 #SUP: 3153
12 16 21 29 31 #SUP: 3156
16 17 21 29 31 #SUP: 3161
12 16 17 21 29 #SUP: 3338
12 16 18 21 29 #SUP: 3330
16 17 18 21 29 #SUP: 3335
12 17 18 21 29 #SUP: 3417
12 16 17 18 21 #SUP: 3725
12 16 17 21 31 #SUP: 3535
12 16 18 21 31 #SUP: 3528
16 17 18 21 31 #SUP: 3532
12 17 18 21 31 #SUP: 3589
12 17 21 31 66 #SUP: 3272
12 18 21 31 66 #SUP: 3265
17 18 21 31 66 #SUP: 3270
16 18 21 31 66 #SUP: 3208
12 16 21 31 66 #SUP: 3211
16 17 21 31 66 #SUP: 3216
12 16 17 21 66 #SUP: 3393
12 16 18 21 66 #SUP: 3385
16 17 18 21 66 #SUP: 3390
12 17 18 21 66 #SUP: 3478
12 16 17 18 66 #SUP: 3724
12 16 17 31 66 #SUP: 3519
12 16 18 31 66 #SUP: 3512
16 17 18 31 66 #SUP: 3516
12 17 18 31 66 #SUP: 3581
12 16 17 18 31 #SUP: 3879
12 16 17 18 31 66 #SUP: 3512
12 16 17 18 21 66 #SUP: 3385
12 16 17 21 31 66 #SUP: 3211
12 16 18 21 31 66 #SUP: 3204
16 17 18 21 31 66 #SUP: 3208
12 17 18 21 31 66 #SUP: 3265
12 16 17 18 21 31 #SUP: 3528
12 16 17 18 21 29 #SUP: 3330
12 16 17 21 29 31 #SUP: 3156
12 16 18 21 29 31 #SUP: 3149
16 17 18 21 29 31 #SUP: 3153
12 17 18 21 29 31 #SUP: 3208
12 16 17 21 29 66 #SUP: 3036
12 16 18 21 29 66 #SUP: 3028
16 17 18 21 29 66 #SUP: 3033
12 17 18 21 29 66 #SUP: 3115
12 16 17 18 29 66 #SUP: 3282
12 16 17 29 31 66 #SUP: 3100
12 16 18 29 31 66 #SUP: 3093
16 17 18 29 31 66 #SUP: 3097
12 17 18 29 31 66 #SUP: 3160
12 16 17 18 29 31 #SUP: 3412
12 16 17 18 29 43 #SUP: 3159
12 16 17 29 31 43 #SUP: 2984
12 16 18 29 31 43 #SUP: 2980
16 17 18 29 31 43 #SUP: 2983
12 17 18 29 31 43 #SUP: 3033
12 17 18 21 29 43 #SUP: 2976
12 16 17 18 21 43 #SUP: 3242
12 16 17 21 31 43 #SUP: 3081
12 16 18 21 31 43 #SUP: 3077
16 17 18 21 31 43 #SUP: 3080
12 17 18 21 31 43 #SUP: 3126
12 17 18 21 43 66 #SUP: 3022
12 16 17 18 43 66 #SUP: 3245
12 16 17 31 43 66 #SUP: 3071
12 16 18 31 43 66 #SUP: 3067
16 17 18 31 43 66 #SUP: 3070
12 17 18 31 43 66 #SUP: 3122
12 16 17 18 31 43 #SUP: 3384
12 16 17 18 27 43 #SUP: 3082
12 16 17 21 27 43 #SUP: 2979
12 16 18 21 27 43 #SUP: 2975
16 17 18 21 27 43 #SUP: 2978
12 17 18 21 27 43 #SUP: 3038
12 16 17 18 27 29 #SUP: 3126
12 17 18 27 29 31 #SUP: 3003
12 16 17 21 27 29 #SUP: 3033
12 16 18 21 27 29 #SUP: 3026
16 17 18 21 27 29 #SUP: 3029
12 17 18 21 27 29 #SUP: 3100
12 16 17 18 21 27 #SUP: 3404
12 16 17 21 27 31 #SUP: 3230
12 16 18 21 27 31 #SUP: 3224
16 17 18 21 27 31 #SUP: 3226
12 17 18 21 27 31 #SUP: 3277
12 17 21 27 31 66 #SUP: 2988
12 18 21 27 31 66 #SUP: 2982
17 18 21 27 31 66 #SUP: 2985
12 16 17 21 27 66 #SUP: 3100
12 16 18 21 27 66 #SUP: 3093
16 17 18 21 27 66 #SUP: 3096
12 17 18 21 27 66 #SUP: 3173
12 16 17 18 27 66 #SUP: 3203
12 16 17 27 31 66 #SUP: 3031
12 16 18 27 31 66 #SUP: 3025
16 17 18 27 31 66 #SUP: 3027
12 17 18 27 31 66 #SUP: 3085
12 16 17 18 27 31 #SUP: 3333
12 16 17 18 24 29 #SUP: 2988
12 16 17 18 21 24 #SUP: 3055
12 16 17 18 24 66 #SUP: 3038
12 16 17 18 24 31 #SUP: 3196
12 15 16 17 18 31 #SUP: 3061
12 16 17 18 31 41 #SUP: 3116
12 16 17 18 28 31 #SUP: 3018
12 16 17 18 31 59 #SUP: 2994
12 16 17 18 27 31 66 #SUP: 3025
12 16 17 18 21 27 66 #SUP: 3093
12 17 18 21 27 31 66 #SUP: 2982
12 16 17 18 21 27 31 #SUP: 3224
12 16 17 18 21 27 29 #SUP: 3026
12 16 17 18 21 27 43 #SUP: 2975
12 16 17 18 31 43 66 #SUP: 3067
12 16 17 18 21 31 43 #SUP: 3077
12 16 17 18 29 31 43 #SUP: 2980
12 16 17 18 29 31 66 #SUP: 3093
12 16 17 18 21 29 66 #SUP: 3028
12 16 17 18 21 29 31 #SUP: 3149
12 16 17 18 21 31 66 #SUP: 3204
