21 #SUP: 3840
66 #SUP: 3852
31 #SUP: 3968
16 #SUP: 4128
18 #SUP: 4226
12 #SUP: 4229
17 #SUP: 4242
12 17 #SUP: 4228
12 18 #SUP: 4220
17 18 #SUP: 4226
16 18 #SUP: 4119
12 16 #SUP: 4122
16 17 #SUP: 4128
16 31 #SUP: 3891
18 31 #SUP: 3953
12 31 #SUP: 3955
17 31 #SUP: 3968
18 66 #SUP: 3836
12 66 #SUP: 3838
17 66 #SUP: 3852
18 21 #SUP: 3824
12 21 #SUP: 3826
17 21 #SUP: 3840
12 17 21 #SUP: 3826
17 18 21 #SUP: 3824
12 17 66 #SUP: 3838
12 18 66 #SUP: 3830
17 18 66 #SUP: 3836
12 17 31 #SUP: 3955
12 18 31 #SUP: 3948
17 18 31 #SUP: 3953
16 18 31 #SUP: 3883
12 16 31 #SUP: 3886
16 17 31 #SUP: 3891
12 16 17 #SUP: 4122
12 16 18 #SUP: 4114
16 17 18 #SUP: 4119
12 17 18 #SUP: 4220
12 16 17 18 #SUP: 4114
12 16 17 31 #SUP: 3886
12 16 18 31 #SUP: 3879
16 17 18 31 #SUP: 3883
12 17 18 31 #SUP: 3948
12 17 18 66 #SUP: 3830
12 16 17 18 31 #SUP: 3879
