147 #SUP: 101
438 #SUP: 103
101 #SUP: 108
1715 #SUP: 122
749 #SUP: 123
475 #SUP: 128
352 #SUP: 132
1121 #SUP: 136
237 #SUP: 149
60 #SUP: 151
225 #SUP: 156
36 #SUP: 161
310 #SUP: 162
110 #SUP: 164
1327 #SUP: 168
604 #SUP: 169
65 #SUP: 181
89 #SUP: 184
170 #SUP: 205
32 #SUP: 723
38 #SUP: 889
41 #SUP: 1211
48 #SUP: 2029
39 #SUP: 2613
39 48 #SUP: 1411
41 48 #SUP: 691
39 41 #SUP: 919
38 41 #SUP: 356
38 48 #SUP: 414
38 39 #SUP: 585
32 38 #SUP: 159
32 41 #SUP: 237
32 48 #SUP: 371
32 39 #SUP: 407
38 170 #SUP: 200
39 170 #SUP: 130
48 89 #SUP: 121
39 89 #SUP: 127
48 65 #SUP: 104
39 65 #SUP: 105
39 604 #SUP: 111
39 1327 #SUP: 103
38 110 #SUP: 158
39 110 #SUP: 101
48 310 #SUP: 96
39 310 #SUP: 113
36 38 #SUP: 151
36 39 #SUP: 113
39 225 #SUP: 110
39 60 #SUP: 96
39 237 #SUP: 94
36 38 39 #SUP: 107
38 39 110 #SUP: 99
38 39 170 #SUP: 126
32 39 48 #SUP: 241
32 41 48 #SUP: 141
32 39 41 #SUP: 175
32 38 39 #SUP: 107
38 39 48 #SUP: 317
38 41 48 #SUP: 200
38 39 41 #SUP: 283
39 41 48 #SUP: 561
38 39 41 48 #SUP: 170
32 39 41 48 #SUP: 111
